17092020299,38660935334,10939241167,19957944783,4002591
38728350298,17288980167,14375520337,4002591,19957944783
17092020299,38660935334,9212465263,36989298167,36989298167
38722052311,17288980167,14375520337,19957944783,19957944783
38728350298,17288980167,666631,4002591,19957944783
38722052311,38660935334,9212465263
17092020299,17288980167,10939241167,4002591,19957944783
38728350298,38660935334,24269805380,13943415375,36989298167
17092020299,30562668862,38421985606,36989298167,13943415375
17092020299,17288980167,14375520337,13943415375,4002591
38728350298,38660935334,9212465263
38728350298,38660935334,3382890,36989298167
17092020299,17288980167,666631,36989298167,38657641492
38728350298,38660935334,14375520337,38657641492,19957944783
17092020299,38660935334,3382890,4002591,4002591
38722052311,38660935334,666631,36989298167,13943415375
38722052311,30562668862,38421985606,13943415375
17092020299,30562668862,24269805380,19957944783,13943415375
17092020299,30562668862,38421985606,38657641492,36989298167
38728350298,30562668862,38421985606
17092020299,38660935334,3382890,13943415375,19957944783
38722052311,17288980167,3382890,36989298167
38728350298,38660935334,10939241167,36989298167,36989298167
38722052311,30562668862,3382890,19957944783
38722052311,17288980167,24269805380,38657641492,19957944783
38728350298,30562668862,14375520337,4002591,13943415375
17092020299,30562668862,666631,38657641492,19957944783
38722052311,38660935334,24269805380,38657641492,13943415375
38728350298,30562668862,3382890,4002591,4002591
38722052311,17288980167,9212465263,38657641492
38728350298,38660935334,9212465263,4002591,38657641492
17092020299,38660935334,38421985606,36989298167,38657641492
17092020299,17288980167,3382890,38657641492,13943415375
17092020299,38660935334,10939241167,36989298167
38722052311,17288980167,14375520337,36989298167,13943415375
17092020299,17288980167,38421985606,36989298167,36989298167
38722052311,17288980167,38421985606,19957944783,38657641492
38722052311,17288980167,10939241167,36989298167,36989298167
38728350298,30562668862,38421985606,38657641492,19957944783
38728350298,30562668862,24269805380,38657641492,4002591
38728350298,38660935334,10939241167,38657641492,19957944783
17092020299,17288980167,24269805380,38657641492,38657641492
17092020299,30562668862,666631,38657641492,19957944783
17092020299,30562668862,666631,13943415375,13943415375
38728350298,38660935334,9212465263,36989298167,19957944783
17092020299,17288980167,24269805380,13943415375,36989298167
38722052311,38660935334,14375520337,4002591,38657641492
38722052311,30562668862,38421985606,36989298167,4002591
38728350298,38660935334,38421985606,4002591,38657641492
17092020299,30562668862,14375520337
38728350298,30562668862,24269805380
38728350298,17288980167,9212465263,4002591
38722052311,38660935334,9212465263,38657641492,13943415375
38722052311,38660935334,38421985606,13943415375
17092020299,17288980167,666631,13943415375,13943415375
17092020299,17288980167,14375520337
38728350298,38660935334,3382890,19957944783,36989298167
38728350298,38660935334,10939241167,38657641492,13943415375
38722052311,17288980167,10939241167,38657641492,36989298167
38722052311,38660935334,14375520337,38657641492,38657641492
17092020299,17288980167,9212465263,38657641492,36989298167
38722052311,30562668862,10939241167
38722052311,17288980167,38421985606,13943415375,4002591
38722052311,30562668862,9212465263,38657641492
17092020299,17288980167,24269805380,13943415375
38722052311,30562668862,24269805380,4002591,19957944783
38722052311,30562668862,10939241167,4002591,36989298167
17092020299,17288980167,9212465263,38657641492,19957944783
17092020299,30562668862,24269805380,13943415375,38657641492
38728350298,17288980167,3382890,19957944783,13943415375
17092020299,30562668862,38421985606,36989298167,19957944783
17092020299,30562668862,666631,38657641492,4002591
38728350298,17288980167,3382890,13943415375,4002591
38722052311,30562668862,666631
38722052311,38660935334,3382890,19957944783,38657641492
38722052311,17288980167,10939241167,4002591,4002591
38728350298,38660935334,14375520337,36989298167,13943415375
38722052311,30562668862,9212465263,4002591
38722052311,38660935334,666631,13943415375,19957944783
38728350298,30562668862,14375520337,19957944783,13943415375
17092020299,38660935334,38421985606,19957944783,13943415375
38722052311,38660935334,24269805380
38722052311,30562668862,666631,19957944783,36989298167
38722052311,38660935334,38421985606,19957944783,4002591
38722052311,30562668862,3382890,38657641492,36989298167
17092020299,38660935334,3382890,36989298167,13943415375
17092020299,17288980167,9212465263
38728350298,30562668862,10939241167
17092020299,30562668862,14375520337
38722052311,30562668862,38421985606,13943415375,38657641492
38728350298,38660935334,3382890,4002591,36989298167
38722052311,38660935334,9212465263,13943415375
38728350298,30562668862,38421985606,4002591,36989298167
38722052311,38660935334,666631
17092020299,38660935334,9212465263,13943415375,38657641492
17092020299,30562668862,14375520337,19957944783,38657641492
38722052311,38660935334,3382890,38657641492,13943415375
38728350298,38660935334,14375520337,19957944783,36989298167
17092020299,38660935334,14375520337,4002591
17092020299,17288980167,9212465263,4002591,38657641492
