5.805788139731629105e-01 4.319928251284098630e-01 0.000000000000000000e+00
1.705620938387065522e+00 1.160062883346889340e+00 0.000000000000000000e+00
8.016818021819163143e-01 -5.133689145028238476e-01 2.000000000000000000e+00
-1.532835914065298066e-01 -1.644351361379973397e+00 1.000000000000000000e+00
7.076505656194456151e-01 -1.656681291523913746e+00 2.000000000000000000e+00
-6.314366408757674520e-01 -8.156742091404678430e-01 1.000000000000000000e+00
1.903723580276341032e+00 9.830971393357429422e-01 0.000000000000000000e+00
1.041583765353052415e-01 1.160599622036114997e+00 0.000000000000000000e+00
-1.978451440910475867e-01 -6.476249755676113384e-01 2.000000000000000000e+00
-1.051296789611080751e+00 -1.108708626596278668e+00 1.000000000000000000e+00
-5.383263878023922810e-01 -9.309982334028535922e-01 1.000000000000000000e+00
9.638471970892212859e-01 1.547038895922685509e+00 0.000000000000000000e+00
1.582323180734737544e+00 -9.778031098224788664e-01 2.000000000000000000e+00
1.336652505629454701e+00 9.002165679356204375e-01 0.000000000000000000e+00
8.408351605636634751e-01 -6.869684476632089698e-01 2.000000000000000000e+00
1.492116272291088341e+00 1.480951939513764470e+00 0.000000000000000000e+00
-1.306280877791234474e+00 -7.776852143668507855e-01 1.000000000000000000e+00
5.532201785013105555e-01 -1.014118695841166318e+00 2.000000000000000000e+00
6.641470211307234361e-01 -1.547298038135356268e+00 2.000000000000000000e+00
6.908912468087191616e-01 -6.471773602547956639e-01 2.000000000000000000e+00
1.142281406289593848e+00 -1.190914508161291741e+00 2.000000000000000000e+00
4.539348491099325367e-01 -2.211605428718568245e-01 2.000000000000000000e+00
4.736370357953915144e-01 8.153661580741163872e-01 0.000000000000000000e+00
3.261930978300467965e-01 -6.773744928414962008e-01 2.000000000000000000e+00
9.456201197286716598e-01 1.454756545041078208e+00 0.000000000000000000e+00
-8.813067310023546819e-01 -6.680055363675587721e-01 1.000000000000000000e+00
-8.542075003037977732e-01 -4.114712175430647045e-01 1.000000000000000000e+00
2.192783594073590692e-01 7.360433081082007334e-01 0.000000000000000000e+00
1.320225921372398803e+00 1.031304070064664513e+00 0.000000000000000000e+00
-1.652969320827193389e+00 -1.026853661845808618e+00 1.000000000000000000e+00
-2.980055385031765702e-01 -1.053195368923836694e+00 1.000000000000000000e+00
1.400532406938691743e+00 -7.611149982386300472e-01 2.000000000000000000e+00
1.033044412862480499e+00 -1.328613806807811049e+00 2.000000000000000000e+00
1.008742943287948446e+00 -9.829843703880837280e-01 2.000000000000000000e+00
-1.208631871197349383e+00 -1.473874636164620888e+00 1.000000000000000000e+00
-9.877592702645928702e-01 -1.027856631378774255e+00 1.000000000000000000e+00
9.268380076572195758e-01 -6.415006298575363086e-01 2.000000000000000000e+00
-1.115602084381693171e+00 -1.799455790233349006e+00 1.000000000000000000e+00
1.427403759726403543e+00 8.186456784594449143e-01 0.000000000000000000e+00
4.499262082731037005e-01 -7.996031071280214064e-01 2.000000000000000000e+00
1.077091598599890787e+00 -7.214245306434242666e-01 2.000000000000000000e+00
9.959774112523941403e-01 -5.047972256166239902e-01 2.000000000000000000e+00
3.275127138022265738e-01 6.444114567618199896e-01 0.000000000000000000e+00
5.216523790935878591e-02 1.345620920199059212e+00 0.000000000000000000e+00
7.663625812820322736e-01 -8.659577519216004049e-01 2.000000000000000000e+00
1.005499394934213475e+00 -1.737880465451218548e+00 2.000000000000000000e+00
8.067001830083569969e-01 -9.989715270273960002e-01 2.000000000000000000e+00
7.462711625276146066e-01 8.549035336051447054e-01 0.000000000000000000e+00
9.753494391617409942e-01 9.570778894835301198e-01 0.000000000000000000e+00
-9.234196511904353422e-01 -6.477955203291557718e-01 1.000000000000000000e+00
-7.073364291878430077e-01 -1.026195350057793165e+00 1.000000000000000000e+00
1.209310664212701614e+00 9.313814675111007357e-01 0.000000000000000000e+00
8.455198399418861754e-02 1.100593766008614693e+00 0.000000000000000000e+00
5.244562968863883956e-01 7.972734582805249826e-01 0.000000000000000000e+00
-6.917307782146626671e-01 -1.052175893513330962e+00 1.000000000000000000e+00
6.115317340702437487e-01 -4.294732556851890148e-01 2.000000000000000000e+00
-1.136276937551172095e+00 -1.505269164834061701e+00 1.000000000000000000e+00
3.230518250103565636e-01 -7.082614614878295356e-01 2.000000000000000000e+00
1.182966242488396436e+00 6.141551945065086837e-01 0.000000000000000000e+00
-6.669397042142086729e-01 -8.691735163515911244e-01 1.000000000000000000e+00
8.207338549277167772e-01 7.402648289078447297e-01 0.000000000000000000e+00
-1.139912872044614778e+00 -1.906112200920103694e-01 1.000000000000000000e+00
4.828572361106205912e-01 1.106820347739673194e+00 0.000000000000000000e+00
1.298875333681852817e+00 5.244220179185055120e-01 0.000000000000000000e+00
-4.308066013935575311e-01 -8.415653660173758599e-01 1.000000000000000000e+00
2.683899093160719840e-01 -9.242001449808345814e-01 1.000000000000000000e+00
1.431278921485695133e+00 -2.367386653763858817e-02 0.000000000000000000e+00
1.354075016483570870e+00 -4.104940739446379938e-01 2.000000000000000000e+00
9.831314194837684761e-01 8.852451230440369079e-01 0.000000000000000000e+00
1.015452220736075217e+00 3.373139590712184166e-01 0.000000000000000000e+00
1.695549070981804407e+00 1.397757756526199602e+00 0.000000000000000000e+00
-9.730030971036772725e-01 -9.934647663548430430e-01 1.000000000000000000e+00
9.727033578701475003e-01 1.685337088659746740e+00 0.000000000000000000e+00
1.089537425325164399e+00 1.131849192851095198e+00 0.000000000000000000e+00
-1.471051584993052330e+00 -1.456078520373984553e+00 1.000000000000000000e+00
1.304415090058797411e+00 1.048670006597131277e+00 0.000000000000000000e+00
9.369331935344736850e-01 1.902689398919283903e+00 0.000000000000000000e+00
1.337998241200334837e+00 -1.270237531052025304e+00 2.000000000000000000e+00
9.842868727090017256e-01 5.327626009035210108e-01 0.000000000000000000e+00
9.887271086645380569e-01 1.171332748212167152e+00 0.000000000000000000e+00
9.527343819485720733e-01 7.279287184012598333e-01 0.000000000000000000e+00
-1.303148344170066419e+00 -1.020033637713928742e+00 1.000000000000000000e+00
1.223719592556353764e+00 -1.425478236410219202e+00 2.000000000000000000e+00
8.517183987118186472e-01 6.217536817774833580e-01 0.000000000000000000e+00
1.640107127499503825e+00 -1.075533912087113464e+00 2.000000000000000000e+00
-1.199606655197673177e+00 -9.914595104625805178e-01 1.000000000000000000e+00
-4.702565000016643015e-01 -1.068880317078753084e+00 1.000000000000000000e+00
1.073335679703040446e+00 1.668377213115542990e+00 0.000000000000000000e+00
-1.062409556398914878e+00 -5.803627248319958021e-01 1.000000000000000000e+00
1.170503492311240290e+00 1.270763214012098352e+00 0.000000000000000000e+00
5.591079236371636618e-01 -1.009819769456951510e+00 2.000000000000000000e+00
-2.110943658170973514e+00 -5.393064100876803213e-01 1.000000000000000000e+00
-9.796182891954842153e-01 -1.717691708595888489e+00 1.000000000000000000e+00
1.747023584170627863e+00 1.362417863310154242e+00 0.000000000000000000e+00
1.328128718904568739e+00 1.543979416671793725e+00 0.000000000000000000e+00
1.250092580410874898e+00 3.591769377573008626e-01 0.000000000000000000e+00
8.776189699606432582e-01 -1.175389783213842465e+00 2.000000000000000000e+00
-1.287976212856758007e+00 -1.357429760925676465e+00 1.000000000000000000e+00
-1.040678909821948661e+00 -9.922882461947690746e-01 1.000000000000000000e+00
1.475211916940920798e+00 1.126777044769939895e+00 0.000000000000000000e+00
7.281627829823422715e-01 -1.225727163872995629e+00 2.000000000000000000e+00
8.419084069382583024e-01 5.362317934400347985e-01 0.000000000000000000e+00
5.818986535412180583e-01 1.484458115873080297e+00 0.000000000000000000e+00
-1.005943081341881040e+00 -6.714376251900755488e-01 1.000000000000000000e+00
9.166859587620014294e-01 -3.702515050097713312e-01 2.000000000000000000e+00
8.523272648230225679e-01 9.042483289696294779e-01 0.000000000000000000e+00
-1.120191514234168961e+00 -1.142011492422149610e+00 1.000000000000000000e+00
1.271022813435086940e+00 -4.771264619674969731e-01 2.000000000000000000e+00
1.586631486229671095e+00 1.341020775784492747e+00 0.000000000000000000e+00
3.836811942221500793e-01 1.025304797680132607e+00 0.000000000000000000e+00
6.671255863399752073e-01 -9.310643443083245208e-01 2.000000000000000000e+00
1.119295269682422322e+00 1.530554358674812043e+00 0.000000000000000000e+00
9.758849865443524063e-01 -8.887675808128223665e-01 2.000000000000000000e+00
1.245631748138432027e+00 1.368882668626610677e+00 0.000000000000000000e+00
1.167120233282432640e+00 -1.496086534563108028e+00 2.000000000000000000e+00
1.015563482342485946e+00 -7.493742997018557617e-01 2.000000000000000000e+00
-1.267088114543759803e+00 -8.692149618382170040e-01 1.000000000000000000e+00
-1.600958627752685270e+00 -1.711066781893482602e+00 1.000000000000000000e+00
7.605384252308056148e-01 5.536412056158421802e-01 0.000000000000000000e+00
1.345774479543802249e+00 7.031339918374232001e-01 0.000000000000000000e+00
1.165636541517438118e+00 -1.202893784757969042e+00 2.000000000000000000e+00
9.806621504880721485e-01 -1.243240502780675882e+00 2.000000000000000000e+00
7.083821364821216715e-01 1.078622960291514055e+00 0.000000000000000000e+00
9.479572183225184467e-01 1.037581291754227530e+00 0.000000000000000000e+00
-9.867640995444959540e-01 -1.341664504325741802e+00 1.000000000000000000e+00
1.472551440515314392e+00 7.472384967979330828e-01 0.000000000000000000e+00
1.256052610439036821e+00 3.532175822756662420e-01 0.000000000000000000e+00
1.595300877518239790e+00 1.758355670412233174e+00 0.000000000000000000e+00
1.054729614239935387e-02 -2.920314447213064879e-01 1.000000000000000000e+00
1.308716220485466986e+00 1.329401661585492667e+00 0.000000000000000000e+00
5.410125390355590147e-01 8.248719821022263421e-01 0.000000000000000000e+00
-6.236329541699545675e-01 -8.379183678708447269e-01 1.000000000000000000e+00
8.572513887897605933e-01 -7.817370706119890489e-01 2.000000000000000000e+00
2.679885798288759169e-01 -1.278334047739818846e+00 2.000000000000000000e+00
1.372739349645721418e+00 1.135985993520504778e+00 0.000000000000000000e+00
2.048229538407295713e+00 -1.298989271226151709e+00 2.000000000000000000e+00
-1.034046241007762212e+00 -1.225720413320864122e+00 1.000000000000000000e+00
8.460480763274897953e-01 1.037740635726829508e+00 0.000000000000000000e+00
1.416034498021481181e+00 -9.341424761894409068e-01 2.000000000000000000e+00
1.953257909945576909e+00 1.377791794796165536e+00 0.000000000000000000e+00
-7.978452245690629274e-01 -8.563003373946174168e-01 1.000000000000000000e+00
1.182461214330822186e+00 -1.143031612787439144e+00 2.000000000000000000e+00
1.018066342375532507e+00 -2.562614664593486635e-01 2.000000000000000000e+00
7.231800608862435364e-01 1.614550821698319094e+00 0.000000000000000000e+00
5.148528735163900860e-01 -8.864921782466618216e-01 2.000000000000000000e+00
1.396363669473938085e+00 -1.074683644723911646e+00 2.000000000000000000e+00
7.437097103239203033e-01 -1.453724637488891025e+00 2.000000000000000000e+00
1.111969839617295230e+00 9.607398441428167679e-01 0.000000000000000000e+00
8.546248879535793819e-01 -6.883795119468033574e-01 2.000000000000000000e+00
6.555097259781189623e-01 1.764025981239613516e+00 0.000000000000000000e+00
7.722751786119259609e-01 1.107961741976304593e+00 0.000000000000000000e+00
-9.097673345724786031e-01 -4.443418737288290510e-01 1.000000000000000000e+00
4.662966114388985561e-01 4.613129976809778876e-01 0.000000000000000000e+00
8.259385793113449559e-01 1.739705491391736913e+00 0.000000000000000000e+00
-9.606488372738097858e-01 -8.474334983163316348e-01 1.000000000000000000e+00
-9.170917012105525012e-01 -8.769069701282271589e-01 1.000000000000000000e+00
8.204931947578003593e-01 -1.697675102621582166e+00 2.000000000000000000e+00
1.328634284819918410e+00 1.002117058519744308e+00 0.000000000000000000e+00
7.828554095933129009e-01 1.166420018504570333e+00 0.000000000000000000e+00
1.277509261076053004e+00 9.361706247414932625e-01 0.000000000000000000e+00
8.584024354986063976e-01 4.500194826327924558e-01 0.000000000000000000e+00
4.303756364069873941e-01 8.026720466551223732e-01 0.000000000000000000e+00
4.038938448370806844e-01 -4.015441452193472260e-01 2.000000000000000000e+00
1.572627102979716529e+00 -4.151143316878321832e-01 2.000000000000000000e+00
1.197496710939675468e+00 9.535584243862533782e-01 0.000000000000000000e+00
9.730897564308073067e-01 4.726416521421062944e-01 0.000000000000000000e+00
-8.722272666673877017e-01 -1.055111685714308356e+00 1.000000000000000000e+00
-6.942010187865865767e-01 -1.107349094083752483e+00 1.000000000000000000e+00
1.065571428981034741e+00 1.038528542368478691e+00 0.000000000000000000e+00
-1.045910129908319330e+00 -8.764995032653547513e-01 1.000000000000000000e+00
6.171367606898359170e-01 -5.944111383551353711e-01 2.000000000000000000e+00
1.241654696177073802e+00 -1.651833441099375355e+00 2.000000000000000000e+00
8.081376743968209375e-01 1.248143319337404966e+00 0.000000000000000000e+00
5.185059231200881413e-01 -8.331825988129585303e-01 2.000000000000000000e+00
-1.458400170602977219e+00 -9.811735621366025617e-01 1.000000000000000000e+00
1.276615500428074590e+00 1.277899657462402416e+00 0.000000000000000000e+00
-1.339328209122093050e+00 -1.130267787528069778e+00 1.000000000000000000e+00
7.487649761433683437e-01 8.075891526156848688e-01 0.000000000000000000e+00
9.172385295344113176e-01 1.352071564832312944e+00 0.000000000000000000e+00
8.402203882948499070e-01 1.148022355139007411e+00 0.000000000000000000e+00
-1.801686286199565945e+00 -8.492493916596428605e-01 1.000000000000000000e+00
-1.069385558829151650e+00 -1.204011815902246818e+00 1.000000000000000000e+00
-1.029247858379278791e+00 -1.518951862382695861e+00 1.000000000000000000e+00
1.186551829752791498e+00 -1.037757002564474007e+00 2.000000000000000000e+00
-7.971044195561538537e-01 -1.046491880154859722e+00 1.000000000000000000e+00
6.321397239749353414e-01 5.717428840589677819e-02 2.000000000000000000e+00
-1.344104980783007441e+00 -8.686794819996978001e-01 1.000000000000000000e+00
-9.131281469446879129e-01 -9.687155275631391671e-01 1.000000000000000000e+00
4.478276990770923005e-01 -1.214365824666464810e+00 2.000000000000000000e+00
-1.543912290201525650e+00 -1.016560324623186906e+00 1.000000000000000000e+00
5.440790178292903567e-01 1.313983008496200089e+00 0.000000000000000000e+00
1.366888616846342330e+00 -1.022817147064875254e+00 2.000000000000000000e+00
-1.312121762600615860e+00 -8.915548814213140050e-01 1.000000000000000000e+00
7.597369769368845782e-01 1.620897272019424351e+00 0.000000000000000000e+00
-2.901365756106666360e-01 -1.157261277901645125e+00 1.000000000000000000e+00
-1.138499779058923966e+00 -1.317854528428599625e+00 1.000000000000000000e+00
-1.729702662375132149e+00 -8.785584382151994109e-01 1.000000000000000000e+00
1.460932625913248017e+00 1.431847436814728480e+00 0.000000000000000000e+00
8.130027305368585644e-01 -1.344997319889893461e+00 2.000000000000000000e+00
-1.064887379030676318e+00 -6.922279287290784566e-01 1.000000000000000000e+00
1.226618126327285063e+00 -9.414782215995822767e-01 2.000000000000000000e+00
1.471511828463860194e+00 9.280300656750596344e-01 0.000000000000000000e+00
7.584641788815396080e-01 -1.459821625302847314e+00 2.000000000000000000e+00
-6.157771102171085698e-01 -9.096638085589239253e-01 1.000000000000000000e+00
1.011104852650200669e+00 -1.170216885108579241e+00 2.000000000000000000e+00
1.004200008288328227e+00 1.714348197562334253e+00 0.000000000000000000e+00
6.222526036702824559e-01 1.095241259132924805e+00 0.000000000000000000e+00
1.526055066288388939e+00 -1.129382988993369530e+00 2.000000000000000000e+00
4.213861201746448293e-01 1.320119179736011006e+00 0.000000000000000000e+00
6.269036356822488276e-01 4.947726603590898442e-01 0.000000000000000000e+00
1.527654750520630156e+00 6.470324725800324916e-01 0.000000000000000000e+00
1.314531184843590550e+00 8.134323613056227975e-01 0.000000000000000000e+00
1.934373488800958940e-01 7.842181466501993992e-01 0.000000000000000000e+00
1.019797992660036234e+00 1.197534710512382583e+00 0.000000000000000000e+00
9.360240848971829175e-01 -1.332782997286849902e+00 2.000000000000000000e+00
1.098706409591988287e+00 -3.896169756460765576e-01 2.000000000000000000e+00
-8.092406524311109850e-01 -9.406201674479687247e-01 1.000000000000000000e+00
1.446913386275276103e+00 -1.625561853935906687e+00 2.000000000000000000e+00
-1.162376690875393415e+00 -7.102525980520142390e-01 1.000000000000000000e+00
1.266553232812765772e+00 8.157120850445787053e-01 0.000000000000000000e+00
-1.943759380326127717e-01 -1.122706310410801933e+00 1.000000000000000000e+00
3.174919237499949087e-01 1.780310158092715866e+00 0.000000000000000000e+00
1.597631629263042363e+00 9.179366944936796502e-01 0.000000000000000000e+00
4.376148334928402495e-01 7.639769416521841050e-01 0.000000000000000000e+00
7.738008774501374809e-01 -8.095874466247541257e-01 2.000000000000000000e+00
1.007450948264542179e+00 -5.782700100383688646e-01 2.000000000000000000e+00
2.497425632025751518e-02 -5.540301762038879474e-01 2.000000000000000000e+00
-1.405930363093776503e+00 -1.240932741433144804e+00 1.000000000000000000e+00
5.370578963236585235e-01 8.750830995497226317e-01 0.000000000000000000e+00
1.012218632416246766e+00 -1.014753412338026850e+00 2.000000000000000000e+00
-1.144639712312647939e+00 -5.741659455488592467e-01 1.000000000000000000e+00
-1.455603277246786176e+00 -1.485760553183703703e+00 1.000000000000000000e+00
1.086221221515473845e+00 -7.727970563094319623e-01 2.000000000000000000e+00
1.003046999327263267e+00 -6.452541253668955257e-01 2.000000000000000000e+00
5.283368277449248529e-01 1.520571228665904329e+00 0.000000000000000000e+00
-1.569117963450537001e+00 -2.310700978222405277e-01 1.000000000000000000e+00
1.011003880811934375e+00 -1.071934441899289325e-01 2.000000000000000000e+00
3.574241242200668633e-01 -1.549221414416771303e+00 2.000000000000000000e+00
8.387292212107281264e-01 1.488978028152970978e+00 0.000000000000000000e+00
1.242048033632866755e+00 1.358222394220529594e+00 0.000000000000000000e+00
9.587148994153169568e-01 -1.420556159464025914e+00 2.000000000000000000e+00
1.167141481286930293e+00 -1.016007490140653058e+00 2.000000000000000000e+00
1.096847184394049268e+00 6.445118970585477225e-01 0.000000000000000000e+00
1.349324734428164918e+00 -5.201055294339849144e-01 2.000000000000000000e+00
4.748601301800833285e-01 -4.340503456310310648e-01 2.000000000000000000e+00
-1.160519122053404129e+00 -1.126662118020842707e+00 1.000000000000000000e+00
9.518373445342360739e-01 -1.591726391985301525e+00 2.000000000000000000e+00
1.310009305289668191e+00 -8.268649514000023792e-01 2.000000000000000000e+00
4.192377882273010670e-01 -8.471188848858826059e-01 2.000000000000000000e+00
1.921566679073576811e+00 5.759936709113810949e-01 0.000000000000000000e+00
-1.375152092460580677e+00 -8.267568187394624957e-01 1.000000000000000000e+00
8.608351402695388899e-01 1.062539587641591954e+00 0.000000000000000000e+00
1.249381443769753020e+00 -6.437313274274421016e-01 2.000000000000000000e+00
1.062590502778519630e+00 -1.086537591318290419e+00 2.000000000000000000e+00
9.603966754863690891e-01 -1.420261534634995826e+00 2.000000000000000000e+00
5.375270272712349140e-01 1.312479240683997350e+00 0.000000000000000000e+00
5.982709151141545334e-01 -1.399276691292745678e+00 2.000000000000000000e+00
-9.087786699503731525e-01 -9.194080213182268535e-01 1.000000000000000000e+00
-9.110147343965573352e-01 -1.035350209279662037e+00 1.000000000000000000e+00
1.209556409533682153e+00 1.035368834817864458e+00 0.000000000000000000e+00
1.079131267139947115e+00 -9.608996790311259417e-01 2.000000000000000000e+00
1.373671899399889984e+00 -1.556602107761687837e+00 2.000000000000000000e+00
1.381675832359505973e+00 -7.823420990567968580e-01 2.000000000000000000e+00
-1.335071216763178192e+00 -1.236473241505771981e+00 1.000000000000000000e+00
2.976437666249122094e-01 1.180373784722365871e+00 0.000000000000000000e+00
9.842928035848187429e-01 -1.379573124339905421e+00 2.000000000000000000e+00
6.127671529341687240e-01 -8.091727630572538299e-01 2.000000000000000000e+00
7.872024762355352978e-01 -1.382503368972913149e+00 2.000000000000000000e+00
9.346980204667285630e-01 -1.034582113084418831e+00 2.000000000000000000e+00
7.360229179590649373e-01 -9.147931330280449913e-01 2.000000000000000000e+00
-6.909220651590473050e-01 -1.664639316445825523e+00 1.000000000000000000e+00
-3.660717890603928382e-01 -7.408128835960445802e-01 1.000000000000000000e+00
1.371802044591811320e+00 1.232889836559169616e+00 0.000000000000000000e+00
-1.375592629071114015e+00 -5.931916034347021194e-01 1.000000000000000000e+00
-8.988785978323381443e-01 -1.163205883615958669e+00 1.000000000000000000e+00
1.235951928293807844e+00 8.544564760116840629e-01 0.000000000000000000e+00
1.545812739240988609e+00 7.242203261800248537e-01 0.000000000000000000e+00
-1.539365235102448048e+00 -4.940066680574975999e-01 1.000000000000000000e+00
-1.312946786760835982e+00 -7.499525374265079147e-01 1.000000000000000000e+00
8.756455313206112923e-01 1.038960066507513380e+00 0.000000000000000000e+00
1.135290189474046141e+00 -7.392874953197535737e-01 2.000000000000000000e+00
-1.351664251534030026e+00 -1.092440643037198678e+00 1.000000000000000000e+00
1.205166738731110687e+00 -2.016495523075289675e+00 2.000000000000000000e+00
-1.258872572739104356e+00 -8.111011399648604403e-01 1.000000000000000000e+00
1.659253972883024009e+00 1.065691102194933571e+00 0.000000000000000000e+00
1.040232483491585258e+00 -7.843354903543213741e-01 2.000000000000000000e+00
1.052764702314964884e+00 -1.792226236427576058e+00 2.000000000000000000e+00
-1.568767948656174749e+00 -2.008175680999980672e-01 1.000000000000000000e+00
-4.516043974835514119e-01 -1.203937296855391637e+00 1.000000000000000000e+00
9.109577276206718421e-01 6.347683127832814964e-01 0.000000000000000000e+00
7.390825600259922634e-01 7.915242750795556947e-01 0.000000000000000000e+00
-1.519474688865236178e+00 -4.895698615975249135e-01 1.000000000000000000e+00
5.433047314352790202e-02 1.008133672682097304e+00 0.000000000000000000e+00
9.264977079000030757e-01 -6.701527121446129165e-01 2.000000000000000000e+00
1.347602537127504441e+00 -9.263274941185815070e-01 2.000000000000000000e+00
-1.281968541002977968e+00 -7.280100623019589712e-01 1.000000000000000000e+00
-1.343588955377736927e+00 -1.359576862586214352e+00 1.000000000000000000e+00
8.387246772601866240e-01 -6.202377904827125477e-01 2.000000000000000000e+00
5.927832498850540421e-01 9.688580976236597087e-01 0.000000000000000000e+00
1.275927265813915357e+00 1.520738491825999406e+00 0.000000000000000000e+00
-4.930353380725372991e-01 -8.002007066125361723e-01 1.000000000000000000e+00
9.587124592825768676e-01 1.164239400775348932e+00 0.000000000000000000e+00
1.050764837081447967e+00 1.160795745377880550e+00 0.000000000000000000e+00
9.931918344554238054e-01 1.151660694222032655e+00 0.000000000000000000e+00
1.330148892835005814e+00 -1.119329267598333510e+00 2.000000000000000000e+00
1.046059149256036935e+00 8.483409748480308377e-01 0.000000000000000000e+00
7.499890437261313991e-01 -1.156157077594203164e+00 2.000000000000000000e+00
1.613111685743382928e+00 1.587743507960114098e+00 0.000000000000000000e+00
1.515294220390255298e-01 -1.735538641503399315e+00 2.000000000000000000e+00
-9.779314580879072683e-01 -8.804090175523929807e-01 1.000000000000000000e+00
1.507905900125721566e+00 -1.283941672858441629e+00 2.000000000000000000e+00
-2.379745437759929194e-01 -1.005910887863938008e+00 1.000000000000000000e+00
7.302669357370494829e-01 1.012732223309740442e+00 0.000000000000000000e+00
-1.319768959817238629e+00 -9.036849961032246137e-01 1.000000000000000000e+00
7.287896873742198967e-01 1.519138316260439492e+00 0.000000000000000000e+00
-9.840933061654019154e-01 -1.626797884344640899e+00 1.000000000000000000e+00
-1.004458244736736505e+00 -9.954004400519750329e-01 1.000000000000000000e+00
1.364071563237036822e+00 1.126887286076520889e+00 0.000000000000000000e+00
7.885317364258045414e-01 -1.043201534712383083e+00 2.000000000000000000e+00
-8.309678510908469207e-01 -7.810077711581340232e-01 1.000000000000000000e+00
3.343308059335305948e-01 -1.050627732655756041e+00 2.000000000000000000e+00
1.503097686998415394e+00 -1.834653991768217196e+00 2.000000000000000000e+00
9.188412636933331878e-01 9.560468882762744869e-01 0.000000000000000000e+00
-8.677869027060336471e-01 -1.058109782881907712e+00 1.000000000000000000e+00
-1.358547889020872201e+00 -1.785092803656300742e+00 1.000000000000000000e+00
-9.357355240720908185e-01 -1.381057981126155187e+00 1.000000000000000000e+00
1.350690709476181084e+00 -1.730764551321807065e+00 2.000000000000000000e+00
-8.843517978884751773e-01 -8.348516718215300836e-01 1.000000000000000000e+00
1.150570212462251884e+00 5.602396837663221607e-01 0.000000000000000000e+00
-7.567374289597433856e-01 -5.540150708210391794e-01 1.000000000000000000e+00
1.039089987085942246e+00 1.233181471901317439e+00 0.000000000000000000e+00
-4.699943788452738413e-01 -9.178669744888161564e-01 1.000000000000000000e+00
1.066669398149011627e+00 1.254012574756842469e+00 0.000000000000000000e+00
1.160354271641648394e+00 -1.003862894613163359e+00 2.000000000000000000e+00
1.440113735288149455e+00 1.519208788930488385e+00 0.000000000000000000e+00
6.950553853089562750e-01 -1.578776133902323409e+00 2.000000000000000000e+00
8.693756089283168897e-01 -1.003283952907845666e+00 2.000000000000000000e+00
-1.578568425593331437e+00 -1.180940110227636675e+00 1.000000000000000000e+00
-4.266589988472032635e-01 -8.326407954763229702e-01 1.000000000000000000e+00
9.031920680519122113e-01 1.607304468142282339e+00 0.000000000000000000e+00
-5.912837657645306777e-01 -1.221016269366691720e+00 1.000000000000000000e+00
8.953418217156396963e-01 9.271020864840228137e-01 0.000000000000000000e+00
8.041099910507892856e-01 -1.111718667711348862e+00 2.000000000000000000e+00
8.430444007401453055e-01 -2.184572219199707455e-01 0.000000000000000000e+00
1.753260278822501794e+00 4.608963755430214304e-01 0.000000000000000000e+00
1.284273919220362270e-01 -1.251860170776072589e+00 2.000000000000000000e+00
-5.952630268023243465e-01 -1.263180417904467445e+00 1.000000000000000000e+00
1.119005741581978297e+00 -9.823910895298607615e-01 2.000000000000000000e+00
1.459340232276450600e+00 -1.364340151055460915e+00 2.000000000000000000e+00
1.226916111141067800e+00 9.109299597939382043e-01 0.000000000000000000e+00
1.747023196059986905e+00 6.090888480494356383e-01 0.000000000000000000e+00
1.114537475556911739e+00 1.243537533790180394e+00 0.000000000000000000e+00
1.451437625805827469e+00 1.198400378537584965e+00 0.000000000000000000e+00
9.880575513454534775e-01 -1.047268313746636759e+00 2.000000000000000000e+00
8.664836158585743631e-01 -1.008051641551015010e+00 2.000000000000000000e+00
1.504227538016859711e+00 -1.040157401360546352e+00 2.000000000000000000e+00
6.765129872081865336e-01 -1.441649594319704741e+00 2.000000000000000000e+00
5.837603079659419159e-01 -1.126241249354343221e+00 2.000000000000000000e+00
1.162662834986752491e+00 -5.193208577329974096e-01 2.000000000000000000e+00
1.208425950581103470e+00 7.696848120747735722e-01 0.000000000000000000e+00
1.045095176494294842e+00 -7.370929238780890014e-01 2.000000000000000000e+00
4.881243307183041891e-01 7.658275182888909516e-01 0.000000000000000000e+00
-1.067903317560994214e+00 -1.053653113107368089e+00 1.000000000000000000e+00
1.161558408334389503e+00 -2.253150150389791051e-01 2.000000000000000000e+00
8.645271258218409915e-01 -1.860949823915385437e-01 2.000000000000000000e+00
-6.992213649291216804e-01 -7.748041125655489303e-01 1.000000000000000000e+00
6.157982473467407125e-01 6.827530549169313900e-01 0.000000000000000000e+00
1.393454478315671707e+00 -1.034245981692198946e+00 2.000000000000000000e+00
-8.207218862306749907e-01 -3.215273708687357290e-01 1.000000000000000000e+00
1.561137896040097228e+00 -8.656621114378747484e-01 2.000000000000000000e+00
9.468477689652177176e-01 8.808836482393086476e-01 0.000000000000000000e+00
7.884520585775538493e-01 -9.305152588051905926e-01 2.000000000000000000e+00
1.537048804204141472e+00 -1.295974341186103995e+00 2.000000000000000000e+00
8.461418307429928731e-01 8.224655627379209299e-01 0.000000000000000000e+00
8.915170640439344929e-01 -1.526869915522317767e+00 2.000000000000000000e+00
1.217044313399518574e+00 -7.136244426252033035e-01 2.000000000000000000e+00
1.624511839582322814e+00 -1.376108094382881841e+00 2.000000000000000000e+00
3.662105747396258160e-01 -6.622182773581655191e-01 2.000000000000000000e+00
1.110266619736309801e+00 -1.283354020935242978e+00 2.000000000000000000e+00
1.861247917028233001e+00 -8.126780369241632940e-01 2.000000000000000000e+00
-1.119843365197104035e-03 -1.898128659348560898e+00 1.000000000000000000e+00
6.738897355454165350e-01 -2.795144036765859763e-01 2.000000000000000000e+00
-9.228544177798455594e-01 -1.462806912326347186e+00 1.000000000000000000e+00
-1.019729628059029114e+00 -9.043865595012940961e-01 1.000000000000000000e+00
1.090938380057392409e+00 -3.543001810879089497e-01 2.000000000000000000e+00
-9.121961776827818280e-01 -8.427748264079633067e-01 1.000000000000000000e+00
1.186466570413612365e+00 8.519030237182627641e-01 0.000000000000000000e+00
1.007006245311287351e+00 -8.705496941563525271e-01 2.000000000000000000e+00
2.811341538417525543e-01 -1.320901268692324271e+00 2.000000000000000000e+00
1.182923858688324614e+00 -6.150633020742619639e-01 2.000000000000000000e+00
-1.417251799214142238e+00 -1.342831275468465924e+00 1.000000000000000000e+00
1.186516017420075730e+00 -3.140673565295828418e-01 2.000000000000000000e+00
-7.990687039700881122e-01 -1.344906799901294692e+00 1.000000000000000000e+00
-7.884225526333671352e-01 -9.015408845260622916e-01 1.000000000000000000e+00
5.863028632862141709e-01 1.272637807312650748e+00 0.000000000000000000e+00
7.607398189934057031e-01 -1.608015714076825642e+00 2.000000000000000000e+00
6.448857009479549429e-01 2.076814127104291696e-01 0.000000000000000000e+00
-7.612374075008184748e-01 -1.394914677383060964e+00 1.000000000000000000e+00
-5.530778737853341287e-01 -1.207560081769940785e+00 1.000000000000000000e+00
1.109806543089575825e+00 6.436339668017887483e-01 0.000000000000000000e+00
9.753026794168395686e-01 -1.178734501465048545e+00 2.000000000000000000e+00
-3.405983958927283339e-01 -1.620005675743259044e+00 1.000000000000000000e+00
8.079031833047106703e-01 -1.209300377353958122e+00 2.000000000000000000e+00
8.832650549008548291e-01 6.954031152753505918e-01 0.000000000000000000e+00
7.390365670451919389e-01 8.436186499249596071e-01 0.000000000000000000e+00
-6.159809035400287680e-01 -1.166599632974677059e+00 1.000000000000000000e+00
7.782761493714795975e-01 8.117449367380834557e-01 0.000000000000000000e+00
-5.114460162163205759e-01 -1.077136731417585924e+00 1.000000000000000000e+00
-1.400132139581482082e+00 -3.304057171957159866e-01 1.000000000000000000e+00
-9.160602088307778779e-01 -1.496249839822491046e+00 1.000000000000000000e+00
-5.819906497989237870e-01 -7.603841894495263487e-01 1.000000000000000000e+00
-1.110729197909555266e+00 -5.504378777542243695e-01 1.000000000000000000e+00
3.634208498167873502e-01 -9.987111134227377729e-01 2.000000000000000000e+00
1.257325786025171199e+00 3.717506365466188845e-01 0.000000000000000000e+00
6.643482388631145596e-01 -6.039514464483224376e-01 2.000000000000000000e+00
-9.362998126505189811e-01 -1.783419582054615482e+00 1.000000000000000000e+00
1.279382859642934411e+00 1.001508355634507685e+00 0.000000000000000000e+00
8.541225822433258230e-01 1.062681542108945498e+00 0.000000000000000000e+00
-4.429926202262910451e-01 -5.849657331797464277e-01 1.000000000000000000e+00
3.776983510726084070e-02 -1.161612917540374879e+00 1.000000000000000000e+00
4.798612671126643026e-01 -1.321540161612607900e+00 2.000000000000000000e+00
6.902819678052781738e-01 -1.107755911380496006e+00 2.000000000000000000e+00
8.236309470829634716e-01 8.878578019261963439e-01 0.000000000000000000e+00
1.980491887630030590e+00 -1.084482393452607996e+00 2.000000000000000000e+00
7.181198896575065049e-01 1.377304289987797858e+00 0.000000000000000000e+00
4.540967079670270579e-01 -1.008747963515632007e+00 2.000000000000000000e+00
1.119485463996803487e+00 -6.357417311080117983e-01 2.000000000000000000e+00
-1.022987807386157799e+00 -1.156486820869606635e+00 1.000000000000000000e+00
1.612372940411529898e+00 -9.630209058120765553e-01 2.000000000000000000e+00
1.275152556469901777e+00 -9.800570933600709633e-01 2.000000000000000000e+00
4.507829796196418659e-01 -1.427096804407642638e+00 2.000000000000000000e+00
-7.290151322614353280e-01 -9.792718442070313944e-01 1.000000000000000000e+00
6.869483376689899945e-01 9.558442803892448492e-01 0.000000000000000000e+00
-1.367645377947977581e+00 -9.228984603739135428e-01 1.000000000000000000e+00
1.142546558869760753e+00 1.282629267276779395e+00 0.000000000000000000e+00
7.020980711806239505e-01 6.694245845363941960e-01 0.000000000000000000e+00
-2.119592633363143186e-02 1.261447438176144242e+00 0.000000000000000000e+00
-7.776149281160807947e-01 -6.430104450673879146e-01 1.000000000000000000e+00
-5.878246930337580611e-01 -1.818929445223184782e+00 1.000000000000000000e+00
1.062602615186150290e+00 1.092872414480110299e+00 0.000000000000000000e+00
-8.529820415910923659e-01 -9.238753769624241663e-01 1.000000000000000000e+00
-7.948654169628973643e-01 -1.130527384863327267e+00 1.000000000000000000e+00
1.079595797762075149e+00 -2.045072325618435549e-01 2.000000000000000000e+00
-3.150779114626813815e-01 -1.316846008226060016e+00 1.000000000000000000e+00
1.181512765054273606e+00 2.681038355981874011e-01 0.000000000000000000e+00
-1.181632145006242141e+00 -9.656192106262461161e-01 1.000000000000000000e+00
1.374696985414102901e+00 1.564931082414977137e+00 0.000000000000000000e+00
6.115581718222060648e-01 1.125926881806329494e+00 0.000000000000000000e+00
8.243241912791408055e-01 1.072535371687128425e+00 0.000000000000000000e+00
8.555547461040535762e-01 -7.564150633381903077e-01 2.000000000000000000e+00
-1.341034338868258846e+00 -9.908160977568194472e-01 1.000000000000000000e+00
2.767424294006993746e-01 -8.354663028409565761e-01 2.000000000000000000e+00
3.806982708603829924e-01 -7.872101443971234458e-01 2.000000000000000000e+00
3.403132102331470898e-01 -4.405751631497857312e-01 2.000000000000000000e+00
-8.915319261450755928e-01 -1.320598754157749966e+00 1.000000000000000000e+00
5.492696764973026280e-01 7.077288988540699766e-01 0.000000000000000000e+00
-1.155261676992899833e+00 -1.023971201068436310e+00 1.000000000000000000e+00
1.378900787109499149e+00 9.379959627636663688e-01 0.000000000000000000e+00
1.079720078758586110e+00 9.797585836153336336e-01 0.000000000000000000e+00
1.605331233029282156e+00 1.221252825683033727e+00 0.000000000000000000e+00
9.465193761326243793e-01 1.431097522390505139e+00 0.000000000000000000e+00
8.927986516194478250e-01 1.320982558318558153e+00 0.000000000000000000e+00
5.128245953627396103e-01 8.780145448582318268e-01 0.000000000000000000e+00
-9.043417677384851805e-01 -4.408414955653058298e-01 1.000000000000000000e+00
8.897317861757771951e-01 7.161088136612446808e-01 0.000000000000000000e+00
1.539214312169887577e+00 -6.369204808048405386e-01 2.000000000000000000e+00
8.177869985930626973e-01 1.006991663610022680e+00 0.000000000000000000e+00
9.475783953834350237e-01 1.453231951823888757e+00 0.000000000000000000e+00
1.350333104634932280e+00 9.539570126051093446e-01 0.000000000000000000e+00
1.098659582100978582e+00 -7.568029962374410724e-01 2.000000000000000000e+00
9.198586079980050068e-01 -1.685618446419598460e+00 2.000000000000000000e+00
1.343641677114212341e+00 -1.323850630416045115e+00 2.000000000000000000e+00
1.016432890457551919e+00 -7.626136321587043687e-01 2.000000000000000000e+00
1.340212273409375321e+00 -1.335649676239709427e+00 2.000000000000000000e+00
1.010695353069854807e+00 -9.266198985673694821e-01 2.000000000000000000e+00
-7.183555911433671115e-01 -1.598271806502806536e+00 1.000000000000000000e+00
-1.124790443166485243e+00 -1.336116158191722691e+00 1.000000000000000000e+00
1.114405010791247097e+00 -6.085730810215828068e-01 2.000000000000000000e+00
-1.325438398837802900e+00 -1.208656603988247591e+00 1.000000000000000000e+00
-1.655522922848871037e+00 -1.293325123033466362e+00 1.000000000000000000e+00
1.376987247688157501e+00 8.929621015058608613e-01 0.000000000000000000e+00
-1.632997791192703385e+00 -1.025592421669437870e-01 1.000000000000000000e+00
8.929065852424133976e-01 5.487954674119972509e-01 0.000000000000000000e+00
1.365280769700871089e+00 -1.154782667042026922e-01 2.000000000000000000e+00
8.763948123811511337e-01 3.295984774680092988e-01 0.000000000000000000e+00
-7.238283902467803621e-01 -6.813311566541313535e-01 1.000000000000000000e+00
-6.058729964240532340e-01 -6.932321321355203736e-01 1.000000000000000000e+00
-1.477994722107464076e+00 -1.200163866921705624e+00 1.000000000000000000e+00
1.178884834981932528e+00 -1.246448449329391694e+00 2.000000000000000000e+00
1.125227080660360590e+00 6.583617042793100671e-01 0.000000000000000000e+00
8.130235961496374841e-01 -1.344061353969865369e+00 2.000000000000000000e+00
1.411574197037941625e+00 9.710851969759980440e-01 0.000000000000000000e+00
1.004074207484829451e+00 -1.206814645318029511e-01 2.000000000000000000e+00
1.483940050564122037e+00 -1.562441908556404524e+00 2.000000000000000000e+00
-1.412592984126103124e+00 -1.571996503474179407e+00 1.000000000000000000e+00
-1.218284789607112950e+00 -1.753834337991779124e+00 1.000000000000000000e+00
-1.160623017799737422e+00 -1.187390417871889259e+00 1.000000000000000000e+00
-1.096535116581241809e+00 -1.351276137124029386e+00 1.000000000000000000e+00
6.057957049263397176e-01 4.112659970145652322e-01 0.000000000000000000e+00
8.576194027812774623e-01 1.609264830366874399e-02 2.000000000000000000e+00
8.610197390005747131e-01 7.674926092558699287e-01 0.000000000000000000e+00
-1.212995967683627052e+00 -7.419778906160492404e-01 1.000000000000000000e+00
9.936883131516018874e-01 -1.196692043205411116e+00 2.000000000000000000e+00
-1.250222814043701280e+00 -6.031452685925976498e-01 1.000000000000000000e+00
-1.022141019208955726e+00 -1.105574939437075077e+00 1.000000000000000000e+00
1.158402685064658044e+00 5.627753965077977316e-01 0.000000000000000000e+00
-1.304845804768999251e+00 -1.355112054654374232e+00 1.000000000000000000e+00
6.579038170996542867e-01 -4.971121396684022864e-01 2.000000000000000000e+00
-9.040531576418885384e-01 -9.364165303497427040e-01 1.000000000000000000e+00
1.310910785507182208e+00 -1.116416585309210285e+00 2.000000000000000000e+00
-7.853613917732705785e-01 -8.381218177542798520e-01 1.000000000000000000e+00
6.777493969842528498e-01 5.526752302713471288e-01 0.000000000000000000e+00
-6.366889519869634029e-02 1.242527809743752432e+00 0.000000000000000000e+00
1.153729362084498167e+00 -5.961152580753141805e-01 2.000000000000000000e+00
5.999138610441741015e-01 3.820915612889552726e-01 0.000000000000000000e+00
7.961391272993385559e-01 8.247702793555253820e-01 0.000000000000000000e+00
7.909522334406088317e-01 -5.828089621414496158e-01 2.000000000000000000e+00
-1.402732700919593567e+00 -3.273693134930688586e-01 1.000000000000000000e+00
9.237386025674402257e-01 8.420601943866198313e-01 0.000000000000000000e+00
-9.041668960574434921e-01 -1.147920466521521243e+00 1.000000000000000000e+00
1.268917902804974185e+00 1.162984734496444128e+00 0.000000000000000000e+00
-1.082777884222916320e+00 -1.271238184314498865e+00 1.000000000000000000e+00
-3.924962652145679298e-01 -1.468464184580032139e+00 1.000000000000000000e+00
-9.924832832902968915e-01 -1.237510979111466902e+00 1.000000000000000000e+00
-8.316326863297374139e-01 -9.013591254954662624e-01 1.000000000000000000e+00
-3.527782923999097653e-01 -1.329763648531133935e+00 1.000000000000000000e+00
1.082034650092741579e+00 -5.353864785763531309e-01 2.000000000000000000e+00
7.549497044500257381e-01 -1.329131329717712751e+00 2.000000000000000000e+00
-1.401701860530852883e-01 -1.036097539866300155e+00 1.000000000000000000e+00
6.920335702218733953e-01 1.215699676516726946e+00 0.000000000000000000e+00
1.075881044831998423e+00 -3.189719391032834750e-01 2.000000000000000000e+00
-6.545921366474740655e-01 -1.321901496255147634e+00 1.000000000000000000e+00
-1.041737396597877119e+00 -1.395200776997493897e+00 1.000000000000000000e+00
1.358104109155972017e+00 1.549985626557195850e+00 0.000000000000000000e+00
9.777430823912425240e-02 5.909972625457585726e-01 0.000000000000000000e+00
8.145616101415622534e-01 1.192592589509384959e+00 0.000000000000000000e+00
-7.202478065648731942e-01 -1.424488914978363718e+00 1.000000000000000000e+00
7.956779449724508124e-01 5.277471263510351562e-01 0.000000000000000000e+00
8.079003860020298466e-01 -6.255569799561209177e-01 2.000000000000000000e+00
1.027439690992264287e+00 -1.108910440458032332e+00 2.000000000000000000e+00
-9.580371339657949292e-01 -9.464348309538096471e-01 1.000000000000000000e+00
1.199476109963931059e+00 1.419188862387221084e+00 0.000000000000000000e+00
6.037316277491402428e-01 -1.401067434947916412e+00 2.000000000000000000e+00
6.418133755225297055e-01 1.154760999143704892e+00 0.000000000000000000e+00
8.623214174130474641e-01 -1.101084268816642675e+00 2.000000000000000000e+00
1.556213586829575224e+00 -1.656539443529211564e+00 2.000000000000000000e+00
1.183833961933622447e+00 -8.879768559849279264e-01 2.000000000000000000e+00
1.090243461788441559e+00 1.179884840092797038e+00 0.000000000000000000e+00
7.428189786588437205e-01 -9.399539091975482874e-01 2.000000000000000000e+00
-1.160493883964472950e+00 -1.320032990433840592e+00 1.000000000000000000e+00
3.030575208763077732e-01 4.787028983550737360e-01 0.000000000000000000e+00
1.153092972004907235e+00 9.863030877872184243e-01 0.000000000000000000e+00
1.185252131727442926e+00 1.111638305756981415e+00 0.000000000000000000e+00
8.519343341945189163e-01 -1.383702157056235338e+00 2.000000000000000000e+00
-8.607323059032765400e-01 -7.346967641283304040e-01 1.000000000000000000e+00
-9.603180549873990834e-01 -3.694804109489129296e-01 1.000000000000000000e+00
9.121835886675146998e-01 5.663853517312261721e-01 0.000000000000000000e+00
6.364947016163786664e-01 8.302729516088394046e-01 0.000000000000000000e+00
-8.126459062891793206e-01 -3.056484009257146583e-01 1.000000000000000000e+00
1.560609366402098352e+00 -9.366264612857873040e-01 2.000000000000000000e+00
-9.140137637495625578e-01 -9.611123071988327826e-01 1.000000000000000000e+00
1.007568841552877847e+00 -1.032813661258193738e+00 2.000000000000000000e+00
1.177138445498695507e+00 -9.126411707480251989e-01 2.000000000000000000e+00
6.659229239234067954e-01 -1.378696164382875899e+00 2.000000000000000000e+00
1.306665272658034560e+00 1.142517126988915610e+00 0.000000000000000000e+00
-1.166990939954013484e+00 -1.438998661908097887e+00 1.000000000000000000e+00
1.199490783324772769e+00 -1.295172712096491985e+00 2.000000000000000000e+00
-1.219799418521616108e+00 -1.439428291022131878e+00 1.000000000000000000e+00
-1.778281233265583516e+00 -1.365113397654116767e+00 1.000000000000000000e+00
-9.915751914631745212e-01 -9.602182171877152728e-01 1.000000000000000000e+00
7.929923829958387405e-01 6.084680562564920292e-01 0.000000000000000000e+00
-1.202143326905763976e+00 -1.326316616797588610e+00 1.000000000000000000e+00
1.141903077245287168e+00 1.246754621757311554e+00 0.000000000000000000e+00
7.221728561074538533e-01 9.401461838689316730e-01 0.000000000000000000e+00
-6.278366015555534307e-01 -1.070126560930807935e+00 1.000000000000000000e+00
1.172308453978256670e+00 -1.059956636693255794e+00 2.000000000000000000e+00
8.633287609616477898e-01 -9.902836343448878642e-01 2.000000000000000000e+00
-1.756944757326936557e+00 -1.071125257481205129e+00 1.000000000000000000e+00
9.906307579914190864e-01 1.431677891244995671e+00 0.000000000000000000e+00
3.479206612135821164e-01 1.185112902210309738e+00 0.000000000000000000e+00
1.070970456901501056e+00 8.392876255166952237e-01 0.000000000000000000e+00
9.885884520662334696e-01 -1.129892106033183907e+00 2.000000000000000000e+00
7.036533183183708573e-01 -1.243316460032598103e+00 2.000000000000000000e+00
1.177545293098170243e+00 1.133469730949706822e+00 0.000000000000000000e+00
8.275614649956971602e-01 -7.708994532571136205e-01 2.000000000000000000e+00
9.259785315962634211e-01 6.769406049534576475e-01 0.000000000000000000e+00
8.122757054883572581e-01 -6.497217284881973143e-01 2.000000000000000000e+00
1.865294379712275852e+00 1.534611179774556966e+00 0.000000000000000000e+00
-7.589169374282681568e-01 -1.237859907888162248e+00 1.000000000000000000e+00
-1.116656794540737740e+00 -1.696409123343560754e+00 1.000000000000000000e+00
1.058973760660388841e+00 -1.390985950898347756e+00 2.000000000000000000e+00
-1.129973983328199649e+00 -1.284522543897115510e+00 1.000000000000000000e+00
1.015250953637973907e+00 -7.949129906110404820e-01 2.000000000000000000e+00
1.352452438839852888e+00 -5.868043221920217212e-01 2.000000000000000000e+00
-4.458953813111078412e-01 -1.121239301369629127e+00 1.000000000000000000e+00
-1.203007040662942728e+00 -1.420752041020669543e+00 1.000000000000000000e+00
7.041748014434746628e-01 1.617205838162694365e+00 0.000000000000000000e+00
-1.804752127697883513e+00 -7.641185577701103959e-01 1.000000000000000000e+00
1.347585394758718191e+00 1.110748762338451101e+00 0.000000000000000000e+00
1.423610901776786619e+00 -1.409025756504274307e+00 2.000000000000000000e+00
1.354596615743846488e+00 -1.108852702407283175e+00 2.000000000000000000e+00
1.217324756555007825e+00 1.175617183068816907e+00 0.000000000000000000e+00
-1.640734419589014781e+00 -1.354872376738016193e+00 1.000000000000000000e+00
1.018303406920578524e+00 9.251264599896665830e-01 0.000000000000000000e+00
1.197457635009945509e+00 -8.051938696078482227e-01 2.000000000000000000e+00
8.350912981581828376e-01 -1.161383673368320490e+00 2.000000000000000000e+00
1.907901849595043053e+00 4.182537301604940527e-01 0.000000000000000000e+00
-5.674495862167241444e-01 -1.252550395379755432e+00 1.000000000000000000e+00
-9.649874116313316152e-01 -6.245012497270758800e-01 1.000000000000000000e+00
-7.836905658798438701e-01 -1.727231052153427981e+00 1.000000000000000000e+00
1.439863838354845216e+00 1.262105492289039121e+00 0.000000000000000000e+00
5.880258866764094261e-01 8.600226541643580802e-01 0.000000000000000000e+00
1.180995637055858527e+00 1.039158458165050813e+00 0.000000000000000000e+00
-1.527086937256306065e+00 -7.835967120160769461e-01 1.000000000000000000e+00
1.086096187055844542e+00 -1.402546208671420214e+00 2.000000000000000000e+00
1.056722655661381793e+00 -2.666258552737286180e-01 2.000000000000000000e+00
-6.157226406157361165e-01 -4.683748613841270947e-01 1.000000000000000000e+00
6.416736958356691334e-01 -7.806687478008080827e-01 2.000000000000000000e+00
4.960850626378918715e-01 -9.885517983248868212e-01 2.000000000000000000e+00
1.215331841310470784e+00 -1.056978167003747693e+00 2.000000000000000000e+00
-1.315467701803746614e+00 -5.621446501151634578e-01 1.000000000000000000e+00
8.007870197230779752e-01 1.771812821526794313e+00 0.000000000000000000e+00
1.221651031330707848e+00 -1.268050359090918677e+00 2.000000000000000000e+00
1.511924808251208674e+00 -1.354386592816381185e+00 2.000000000000000000e+00
6.026554498307458152e-01 -1.831711400692183078e-01 2.000000000000000000e+00
-6.903357560724734387e-01 -1.309783587508330349e+00 1.000000000000000000e+00
1.441477582984860062e+00 -8.397877261605175558e-01 2.000000000000000000e+00
1.391495193642295680e+00 1.896357279680583208e+00 0.000000000000000000e+00
5.582466642286196823e-01 1.020866031704389831e+00 0.000000000000000000e+00
-1.326997239046490584e+00 -1.560538917215724242e+00 1.000000000000000000e+00
-1.459044377937254167e+00 -1.143245630191942697e+00 1.000000000000000000e+00
-8.897597304063774581e-01 -4.259802452843381992e-01 1.000000000000000000e+00
-1.846022406075122912e+00 -4.378538245102318038e-01 1.000000000000000000e+00
-1.024821250319333688e+00 -4.963331481556744196e-01 1.000000000000000000e+00
-7.107598025048806889e-01 -9.901551499008353074e-01 1.000000000000000000e+00
6.222214976326998492e-01 8.359801227189805894e-01 0.000000000000000000e+00
1.377218434929007085e+00 -9.587086687582258016e-02 0.000000000000000000e+00
7.425526388668437505e-01 1.106387391102292561e-01 0.000000000000000000e+00
7.614743846197967736e-01 9.789730814921815405e-01 0.000000000000000000e+00
4.034969629177577177e-01 1.175756680505814833e+00 0.000000000000000000e+00
6.092418453058698891e-01 -1.235831969018086340e+00 2.000000000000000000e+00
9.404935391065283312e-01 -9.615983180120919460e-01 2.000000000000000000e+00
1.323672118741265002e+00 -1.479237152076415374e+00 2.000000000000000000e+00
7.263956409051133267e-01 1.663820318475949023e+00 0.000000000000000000e+00
-1.441846639010588405e+00 -1.012374502909583640e+00 1.000000000000000000e+00
9.775467918204971962e-01 9.994459829059617606e-01 0.000000000000000000e+00
9.429249151706139420e-01 -1.491054568164163152e+00 2.000000000000000000e+00
5.975852568318433811e-01 -1.328619930241253133e+00 2.000000000000000000e+00
1.450654368842602793e+00 5.680273966546306452e-01 0.000000000000000000e+00
-9.102991116137272298e-01 -1.671475345131462564e+00 1.000000000000000000e+00
9.758550022430645399e-01 -1.284416238716444614e+00 2.000000000000000000e+00
4.773892593058733924e-01 1.663252271847275310e+00 0.000000000000000000e+00
1.696251778358132345e+00 -1.117394021955750993e+00 2.000000000000000000e+00
6.004604815618527214e-01 -1.296054716295805376e+00 2.000000000000000000e+00
-1.102383067685707374e+00 -1.139218551857047679e+00 1.000000000000000000e+00
6.786361343304635474e-01 7.241800888999196939e-01 0.000000000000000000e+00
-1.146220435994414810e+00 -6.247629836377417423e-01 1.000000000000000000e+00
6.747414871822183802e-01 3.094869590673292592e-01 0.000000000000000000e+00
-1.024655220868885941e+00 -1.573094195973643306e+00 1.000000000000000000e+00
-6.304813758744212127e-01 -1.053027205861487126e+00 1.000000000000000000e+00
1.421671163575568997e+00 -6.196665211984802024e-01 2.000000000000000000e+00
7.450251897791083655e-01 8.410912742684809595e-01 0.000000000000000000e+00
1.664243023957805656e+00 -1.566641392970256286e+00 2.000000000000000000e+00
-1.319965449256265799e+00 -1.088030311928142257e+00 1.000000000000000000e+00
-7.317718198756359982e-01 -1.283002279004230806e+00 1.000000000000000000e+00
8.132617815788949489e-01 4.332375547494962120e-01 0.000000000000000000e+00
-1.162521252178025044e+00 -1.345617996440947817e+00 1.000000000000000000e+00
1.257221818135717095e+00 -7.647100283528253106e-01 2.000000000000000000e+00
-1.584693075304563159e+00 -1.273375906715472627e+00 1.000000000000000000e+00
1.155637587546288314e+00 -5.315835741518046831e-01 2.000000000000000000e+00
1.057617428464351139e+00 1.581709402785190122e+00 0.000000000000000000e+00
-4.042576151702078624e-01 -7.914785006897144815e-01 1.000000000000000000e+00
1.015247200071760059e+00 -1.231567255977283226e+00 2.000000000000000000e+00
5.781486144059944099e-01 1.328099134929872527e+00 0.000000000000000000e+00
6.279373989902714559e-01 9.285643631650682961e-01 0.000000000000000000e+00
1.489948225677463878e+00 1.025942442537430388e+00 0.000000000000000000e+00
-1.325517793292522395e+00 -1.579647044294772318e+00 1.000000000000000000e+00
-1.120313550590410934e+00 -1.264243437590796937e+00 1.000000000000000000e+00
1.112176682126518434e+00 6.027505556281677057e-01 0.000000000000000000e+00
5.432394323184612794e-01 -1.524388148176484936e+00 2.000000000000000000e+00
3.446305497032831067e-01 -1.710555446538630342e+00 2.000000000000000000e+00
9.817184157359060137e-01 1.088203062302869339e+00 0.000000000000000000e+00
1.000588400098164410e+00 -1.306681941814760162e+00 2.000000000000000000e+00
5.770105408793879675e-01 -1.222394012751586878e+00 2.000000000000000000e+00
-1.263170437014718095e+00 -6.124469445747796614e-01 1.000000000000000000e+00
-1.548303993017224212e+00 -6.537388308736586939e-01 1.000000000000000000e+00
4.671153381621993006e-01 2.125501240855918184e-01 0.000000000000000000e+00
1.085392019564067612e+00 5.165705385067114186e-01 0.000000000000000000e+00
-4.394620674832161455e-01 -1.164152717463148301e+00 1.000000000000000000e+00
1.045023012362581660e+00 -1.262218011793743155e+00 2.000000000000000000e+00
-9.473704128367724797e-01 -1.562224018956756000e+00 1.000000000000000000e+00
1.083309991230744007e+00 1.390655614593485190e+00 0.000000000000000000e+00
8.586273004971203271e-01 3.534103245395869841e-01 0.000000000000000000e+00
9.819546785226660468e-01 -9.683513104281860073e-01 2.000000000000000000e+00
-9.819463938271958403e-01 -6.415007759197677295e-02 1.000000000000000000e+00
6.067527265017169658e-01 -1.359328788572806479e+00 2.000000000000000000e+00
9.606189902298271077e-01 7.346086854551570067e-01 0.000000000000000000e+00
-1.213081116791821845e+00 -5.637001062261999262e-01 1.000000000000000000e+00
-8.536604848332567386e-01 -4.808698932105658352e-01 1.000000000000000000e+00
1.327144732473998445e+00 -9.047199231911845496e-01 2.000000000000000000e+00
1.345038404531380571e+00 -6.224763718997317063e-02 0.000000000000000000e+00
1.438538738266319505e+00 9.063136794621853287e-01 0.000000000000000000e+00
1.078027878860552402e+00 2.873748577177633878e-01 0.000000000000000000e+00
1.693088474767653340e+00 1.273800442743676209e+00 0.000000000000000000e+00
-1.358960370760732284e+00 -4.750118531436015035e-01 1.000000000000000000e+00
-4.815400529888466119e-01 -7.534162749495378897e-01 1.000000000000000000e+00
1.239747749008918820e+00 -1.102526757475857044e+00 2.000000000000000000e+00
1.270584292944649363e+00 8.471964177688718900e-01 0.000000000000000000e+00
-8.923903707295013366e-01 -7.900328545416469561e-01 1.000000000000000000e+00
5.098257924679328035e-01 1.337745190560618802e+00 0.000000000000000000e+00
8.278152352456827900e-01 -5.402482466531504102e-01 2.000000000000000000e+00
-4.694153430537225669e-01 -1.385842569682505632e+00 1.000000000000000000e+00
-4.939688647644936426e-01 -9.154011949072488052e-01 1.000000000000000000e+00
1.351755976765347977e+00 -7.458301893784018421e-01 2.000000000000000000e+00
-8.677692974902504464e-01 -6.203014105767057362e-01 1.000000000000000000e+00
5.952903663578046345e-01 -9.660127451849169766e-01 2.000000000000000000e+00
-9.793700228920443340e-01 -6.530893484766289170e-01 1.000000000000000000e+00
1.380035367010235881e+00 9.394571166809208007e-01 0.000000000000000000e+00
1.178809662754271237e+00 -9.577120018131379808e-01 2.000000000000000000e+00
1.014802288764059757e+00 1.307160963093081385e+00 0.000000000000000000e+00
-3.628916982330064878e-01 -1.103429052670708455e+00 1.000000000000000000e+00
-1.418209822827786404e+00 -1.433942423784578146e+00 1.000000000000000000e+00
1.160936656471019734e+00 7.260759636238747206e-01 0.000000000000000000e+00
1.379768322770304367e+00 1.035020496554076352e+00 0.000000000000000000e+00
2.810176782532409767e-01 -1.425373175261842817e+00 2.000000000000000000e+00
1.003451159567030571e+00 1.210801683381864002e+00 0.000000000000000000e+00
1.291636224871014704e+00 1.051593164302964345e+00 0.000000000000000000e+00
2.627721799373405887e-01 8.088103983838053068e-01 0.000000000000000000e+00
-4.355311744441553445e-01 -6.856784692675309545e-01 1.000000000000000000e+00
-8.260768169075367595e-01 -7.839622157900776322e-01 1.000000000000000000e+00
1.140712044272543357e+00 1.151694213414234724e+00 0.000000000000000000e+00
1.159618538256052211e+00 -1.090371025706600161e-01 0.000000000000000000e+00
3.768005887266414611e-01 -1.202813907906135071e+00 2.000000000000000000e+00
-6.255483406755670828e-01 -7.286479604638118612e-01 1.000000000000000000e+00
-8.075539494444657906e-01 1.037420456086328713e-01 1.000000000000000000e+00
1.156145977403449043e+00 -3.645877235609868983e-01 2.000000000000000000e+00
-9.958602741734802200e-01 -7.119864962633388750e-01 1.000000000000000000e+00
1.635104609498147177e+00 -1.257303040715495479e+00 2.000000000000000000e+00
-7.883819046662273733e-01 -8.309485513164697190e-01 1.000000000000000000e+00
3.798282619666075721e-01 1.166927528412734283e+00 0.000000000000000000e+00
7.610735724138548708e-01 9.048313081055971985e-01 0.000000000000000000e+00
-1.382858989260406624e+00 -1.539369727648680408e+00 1.000000000000000000e+00
-8.007790381268573565e-01 -1.010476894937700099e+00 1.000000000000000000e+00
-7.906953045247692158e-01 -1.215033347423224885e+00 1.000000000000000000e+00
8.184783835791995532e-01 1.161305816065298702e+00 0.000000000000000000e+00
-6.516152871313520833e-01 -1.351188246614348110e+00 1.000000000000000000e+00
-1.154748338740258617e+00 -1.204117095853451502e+00 1.000000000000000000e+00
-1.014307228744088407e+00 -4.770185951209982012e-02 1.000000000000000000e+00
1.804502672585254874e+00 9.821618294176571728e-01 0.000000000000000000e+00
-6.254217096675536158e-01 -1.014038070747868225e+00 1.000000000000000000e+00
1.061978970278766532e+00 1.151265007840869492e+00 0.000000000000000000e+00
1.408489897266865132e+00 -7.165218907558292827e-01 2.000000000000000000e+00
5.682627335900019006e-01 -1.045690220580071994e+00 2.000000000000000000e+00
-1.236561067123244317e+00 -5.502323261958527167e-01 1.000000000000000000e+00
-1.267085088228223633e+00 -3.272313039707448468e-01 1.000000000000000000e+00
1.042092854823710280e+00 -1.036663763240153191e+00 2.000000000000000000e+00
1.387497757244458230e+00 -1.292142838223183876e+00 2.000000000000000000e+00
8.345524076961010618e-01 7.010180754236968736e-01 0.000000000000000000e+00
-1.675292011108572954e+00 -1.044986393023821014e+00 1.000000000000000000e+00
-8.561982401715959590e-01 -1.057826726773494430e+00 1.000000000000000000e+00
-9.090428899515485828e-01 -1.406695459443907614e+00 1.000000000000000000e+00
1.061867533458532797e+00 -5.833726444725673144e-01 2.000000000000000000e+00
2.254880776613972237e-01 1.075511438717531520e+00 0.000000000000000000e+00
-9.208130840220130064e-01 -5.672259126090939407e-01 1.000000000000000000e+00
7.988733197429846999e-01 1.964981471817499603e+00 0.000000000000000000e+00
-1.214108065813137793e+00 -9.898379166459936318e-01 1.000000000000000000e+00
9.472365440880131660e-01 1.161904724816198886e+00 0.000000000000000000e+00
5.978752510604564696e-01 -9.594371413327156262e-01 2.000000000000000000e+00
1.034633272066167731e+00 -4.322979816356194993e-01 2.000000000000000000e+00
-8.766675016162619460e-01 -1.551233386825630944e+00 1.000000000000000000e+00
-1.577976079629348716e+00 -1.484217197649340569e+00 1.000000000000000000e+00
4.918060006057065614e-01 1.387758683263204507e+00 0.000000000000000000e+00
1.370623320386838540e+00 -7.767672477525336960e-01 2.000000000000000000e+00
9.354505854888883754e-01 -2.822204779099705130e-01 2.000000000000000000e+00
9.902695502404257333e-01 7.047876363177245640e-01 0.000000000000000000e+00
-1.373115616602575306e+00 -5.026722462179380457e-01 1.000000000000000000e+00
1.016028582619110221e+00 -1.131101966918566681e+00 2.000000000000000000e+00
1.192169798447114681e+00 -1.387274425562841973e+00 2.000000000000000000e+00
7.359774719463667569e-01 1.070327581318411214e+00 0.000000000000000000e+00
-1.378995437962751813e+00 -9.022226176153469446e-01 1.000000000000000000e+00
1.135623702376972188e+00 -1.235852816780411922e+00 2.000000000000000000e+00
1.114761795201338668e+00 7.176228968370335082e-02 0.000000000000000000e+00
1.995376645732451326e+00 -3.216121867943322332e-01 2.000000000000000000e+00
1.113916239653745199e+00 -1.123751037153344567e+00 2.000000000000000000e+00
7.456615686484475702e-01 1.270573317978599848e+00 0.000000000000000000e+00
1.568790223716985954e+00 -8.174546546076858489e-01 2.000000000000000000e+00
1.877262128874022107e-01 1.825797144543727768e+00 0.000000000000000000e+00
8.398604739946305964e-01 -1.588929171386595840e+00 2.000000000000000000e+00
3.107086997134707040e-01 -2.809842451496380455e-01 2.000000000000000000e+00
-1.262585469988612541e+00 -2.133821802109880927e+00 1.000000000000000000e+00
-4.688869216168067844e-01 -1.040512594486959763e+00 1.000000000000000000e+00
-1.316209208733230884e+00 -1.362920048610130941e+00 1.000000000000000000e+00
-9.060713896205072615e-01 -1.471386357718225124e-01 1.000000000000000000e+00
8.117030007269090408e-01 -8.908814441878942780e-01 2.000000000000000000e+00
8.169437622841896340e-01 -8.512755674010026308e-01 2.000000000000000000e+00
8.450692730368191130e-01 8.790788997698657514e-01 0.000000000000000000e+00
1.126864250517075394e+00 1.208016245828347213e+00 0.000000000000000000e+00
3.494712248692679601e-01 -1.053928980437741636e+00 2.000000000000000000e+00
1.368343529512327628e+00 1.127491061177208431e+00 0.000000000000000000e+00
8.499411533354864767e-01 5.095215232867923438e-01 0.000000000000000000e+00
7.365788132779984565e-01 7.943064136240044482e-01 0.000000000000000000e+00
-8.389497875479858813e-01 -1.710355199984731733e+00 1.000000000000000000e+00
9.558042379736289007e-01 3.357200752522946363e-01 0.000000000000000000e+00
-1.182330139119747603e+00 -4.295364991922935305e-01 1.000000000000000000e+00
4.068466569703829139e-01 -1.523764858532405730e+00 2.000000000000000000e+00
9.102964262993438194e-01 8.791001078179719874e-01 0.000000000000000000e+00
-1.235691594604059862e+00 -1.179386002481623841e+00 1.000000000000000000e+00
1.010154241762583505e+00 -7.558432942778349206e-01 2.000000000000000000e+00
3.469461895062018186e-01 3.728929102766183057e-01 0.000000000000000000e+00
1.266386858427815065e+00 -2.013821784833692341e+00 2.000000000000000000e+00
1.231408599091551315e+00 1.139861782797269685e+00 0.000000000000000000e+00
1.403438914744041366e+00 -7.889610468902736873e-01 2.000000000000000000e+00
-3.322996774492125160e-01 -8.792043158569787797e-01 1.000000000000000000e+00
1.723252724231590260e+00 -8.253446101482827535e-01 2.000000000000000000e+00
-8.679859541958753200e-01 -1.096222673046964857e-01 1.000000000000000000e+00
6.327980920723818015e-01 1.100998650830748993e+00 0.000000000000000000e+00
-1.168925929650108220e+00 -9.581143882266862644e-01 1.000000000000000000e+00
1.514393602832117214e+00 3.972006407142911755e-01 0.000000000000000000e+00
1.135561650086377883e+00 1.808417424593919076e+00 0.000000000000000000e+00
1.621587715175420996e-01 1.049488765693402659e+00 0.000000000000000000e+00
-7.552291229075368539e-01 -1.536598690233216935e+00 1.000000000000000000e+00
9.857029065807305646e-01 -8.655937029352031020e-01 2.000000000000000000e+00
1.360021697105628924e+00 -2.791031080837811373e-01 2.000000000000000000e+00
-8.862741924008221694e-01 -8.338397495315492680e-01 1.000000000000000000e+00
-1.302185090546253310e+00 -1.480480607606955656e+00 1.000000000000000000e+00
5.716989513957829727e-01 1.421780690772454614e+00 0.000000000000000000e+00
-1.013327713138061137e+00 -1.612321398959797092e+00 1.000000000000000000e+00
-1.342619723293683842e+00 -1.616634959868715082e+00 1.000000000000000000e+00
-1.413057240756851796e+00 -1.174699334983202892e+00 1.000000000000000000e+00
-7.743965859704763366e-01 -1.513820919197010895e+00 1.000000000000000000e+00
-7.168006428788065154e-02 -9.531636511378231980e-01 1.000000000000000000e+00
-1.226575941492887623e+00 -1.123076510946800610e+00 1.000000000000000000e+00
-1.578631156014357773e+00 -1.633074256721115614e+00 1.000000000000000000e+00
1.704506450967945286e+00 -6.983617345375028318e-01 2.000000000000000000e+00
-7.863195316616914399e-01 -8.728459611047273414e-01 1.000000000000000000e+00
1.327191042901922247e+00 -1.111565710041295896e+00 2.000000000000000000e+00
-1.067285689106829638e+00 -8.488359593046099771e-01 1.000000000000000000e+00
2.072228336307600394e+00 -1.080323405598266229e+00 2.000000000000000000e+00
1.786705588773895848e+00 -1.078493585977416735e+00 2.000000000000000000e+00
-1.139184742368338332e+00 -1.541355543259085525e+00 1.000000000000000000e+00
2.925846197291877004e-01 1.142192717097507693e+00 0.000000000000000000e+00
-6.749303831563830958e-01 -7.650962482400696096e-01 1.000000000000000000e+00
7.386861192288443068e-01 -9.685943899303295357e-01 2.000000000000000000e+00
8.119868469196500627e-01 9.133074117697845828e-01 0.000000000000000000e+00
1.332540423193907309e+00 -8.048109269347981654e-01 2.000000000000000000e+00
6.943424304374228306e-01 4.248834104793686173e-01 0.000000000000000000e+00
9.042813635430623220e-01 -1.098717423115500802e+00 2.000000000000000000e+00
7.121582445792828953e-01 6.748028045783690532e-01 0.000000000000000000e+00
7.104285183765590705e-01 -1.447851293472181666e+00 2.000000000000000000e+00
-8.588733574022486827e-01 -1.061109769418163484e+00 1.000000000000000000e+00
1.308334784161974795e+00 -9.027327138390033312e-01 2.000000000000000000e+00
3.207576722270981673e-01 1.154912190158025265e+00 0.000000000000000000e+00
1.367725744154971723e-01 -4.725795927636653460e-01 2.000000000000000000e+00
9.656276932113548872e-01 1.077717175218308565e+00 0.000000000000000000e+00
6.843591278973398806e-01 -9.995006176846054080e-01 2.000000000000000000e+00
1.077285421293478596e+00 -4.810631643628436871e-01 2.000000000000000000e+00
9.580081195924186055e-01 -4.530340070159365462e-01 2.000000000000000000e+00
-1.023434620453544275e+00 -1.127017237572079722e+00 1.000000000000000000e+00
3.961353575726804799e-01 -1.110956556697243913e+00 2.000000000000000000e+00
-8.374338025295174903e-01 -1.077270680619935916e+00 1.000000000000000000e+00
-7.078592838491921668e-01 -5.581686105714094293e-01 1.000000000000000000e+00
-1.057431804686528309e+00 -1.152810179580153527e+00 1.000000000000000000e+00
-1.208811193566852182e-01 -1.475369768633207679e+00 2.000000000000000000e+00
7.956295275070948136e-01 -6.901086723731351125e-01 2.000000000000000000e+00
-9.264298022638760566e-01 -1.154195904150243202e+00 1.000000000000000000e+00
-1.278530661544433178e+00 -1.116158840321546775e+00 1.000000000000000000e+00
1.607997944306309268e+00 1.687835722966477991e+00 0.000000000000000000e+00
5.307506379543360797e-01 1.777448474259716971e+00 0.000000000000000000e+00
-1.657186117412243753e+00 -1.162428718503932812e+00 1.000000000000000000e+00
-2.712339608558376192e-01 -1.030260188235369245e+00 1.000000000000000000e+00
1.085034818575014715e+00 -3.811874012036621240e-01 2.000000000000000000e+00
7.097610486145662367e-01 4.466544178419777911e-01 0.000000000000000000e+00
2.078489621025432221e+00 9.704301334878339125e-01 0.000000000000000000e+00
-5.843614238486429802e-01 -8.083619103607085910e-01 1.000000000000000000e+00
3.378623846761288352e-01 -9.385422156737334154e-01 2.000000000000000000e+00
-1.088990804097168086e+00 -1.343567963123068587e+00 1.000000000000000000e+00
1.309301190961039918e+00 5.264477439226729061e-01 0.000000000000000000e+00
1.674316921063721431e+00 -1.659218482546471973e+00 2.000000000000000000e+00
-6.977038844421830088e-01 -1.215653054701196112e+00 1.000000000000000000e+00
5.562089785455419655e-01 -1.219007240271772652e+00 2.000000000000000000e+00
1.593970239479981732e+00 -1.849556007218223552e+00 2.000000000000000000e+00
1.148330000512440829e+00 1.056824722074894307e+00 0.000000000000000000e+00
1.325807928995146545e+00 1.023570235672651929e+00 0.000000000000000000e+00
1.230636326645976331e+00 9.166804977688020051e-01 0.000000000000000000e+00
1.343169569716934575e+00 1.456440746663029362e+00 0.000000000000000000e+00
-9.173237953167986403e-01 -7.875829972087761144e-01 1.000000000000000000e+00
3.078895753799656410e-01 -7.645030372769974214e-01 2.000000000000000000e+00
6.746542963183188579e-01 4.134302688789943669e-01 0.000000000000000000e+00
4.988818559800295427e-01 1.310996142332764069e+00 0.000000000000000000e+00
-1.079359558728018254e+00 -9.623230798759413451e-01 1.000000000000000000e+00
-4.381817940241151677e-01 -9.414236918087000028e-01 1.000000000000000000e+00
1.342732244761076554e+00 7.395897626799412539e-01 0.000000000000000000e+00
-8.700521536815255530e-01 -6.011528076832961531e-01 1.000000000000000000e+00
1.542177081037767294e+00 -1.159259251500030174e+00 2.000000000000000000e+00
4.989626633986723458e-01 -1.234528010084452898e+00 2.000000000000000000e+00
1.597793817796547611e+00 1.720059899945869386e-01 0.000000000000000000e+00
1.066345409061414840e+00 -4.683434869017786273e-01 2.000000000000000000e+00
9.937271553589780426e-01 1.064371267319289105e+00 0.000000000000000000e+00
-7.120065079427337906e-01 -1.441162485182147845e+00 1.000000000000000000e+00
1.096481585687580917e+00 -5.488865479488790333e-01 2.000000000000000000e+00
-1.110573138006334837e+00 -1.103830792733615729e+00 1.000000000000000000e+00
1.186264975892183937e+00 3.855025254891104591e-01 0.000000000000000000e+00
7.248649555885270379e-01 5.143690387623517379e-01 0.000000000000000000e+00
1.249007656121999155e+00 -1.252476776698742800e+00 2.000000000000000000e+00
-3.565911376205104233e-01 -1.224631499841288385e+00 1.000000000000000000e+00
1.455760273817320316e+00 5.060696718585389053e-01 0.000000000000000000e+00
8.671590890604699009e-01 -1.288572518228702446e+00 2.000000000000000000e+00
-1.169865320973146217e+00 -1.331985839015184858e+00 1.000000000000000000e+00
1.026606888953267127e+00 1.120988759095912446e+00 0.000000000000000000e+00
-8.235868370907394320e-01 -9.284828537067280063e-01 1.000000000000000000e+00
8.124543248132817252e-01 1.194234857997767962e-01 0.000000000000000000e+00
6.348711098223365212e-01 1.446806515238341140e+00 0.000000000000000000e+00
8.763542220913165259e-01 9.066133353825228669e-01 0.000000000000000000e+00
7.250803851373346376e-01 9.530101814327553988e-01 0.000000000000000000e+00
-2.601635013281453634e-01 -1.085666662480033740e+00 1.000000000000000000e+00
6.516811403272473324e-01 7.684601340942338599e-01 0.000000000000000000e+00
1.005295907067013328e+00 -1.048777971040110835e+00 2.000000000000000000e+00
-1.340691678901436035e+00 -2.709105599488161875e-01 1.000000000000000000e+00
1.308562379470738168e+00 1.411775531513106863e+00 0.000000000000000000e+00
-6.984034132086081037e-01 -5.738738031608020540e-01 1.000000000000000000e+00
1.027006742869730038e+00 -6.889583448388352238e-01 2.000000000000000000e+00
-5.418951307923101091e-01 -8.614022231972957577e-01 1.000000000000000000e+00
-1.490648663758646242e+00 -6.130215399799059384e-01 1.000000000000000000e+00
-1.321256554936651284e+00 -1.185735076574196745e+00 1.000000000000000000e+00
-9.760421267534895584e-01 -1.085009217908123658e+00 1.000000000000000000e+00
-1.311273408582448896e+00 -3.052900172093155895e-01 1.000000000000000000e+00
6.370806542467031264e-01 1.020778158318455642e+00 0.000000000000000000e+00
3.544408609768193719e-01 9.149038879144124614e-01 0.000000000000000000e+00
8.285191737656684152e-01 -1.255136222589433803e+00 2.000000000000000000e+00
-4.765324990591283116e-01 -1.010319423301794917e+00 1.000000000000000000e+00
-8.996007535966703550e-01 -5.780968299278868017e-01 1.000000000000000000e+00
-6.978417217346646328e-01 -6.530370354580328218e-01 1.000000000000000000e+00
7.310158208896195831e-01 8.561787353837835290e-01 0.000000000000000000e+00
5.465628697446164308e-01 -6.012961428720737800e-01 2.000000000000000000e+00
-1.198440933593024837e+00 -1.029921993072136388e+00 1.000000000000000000e+00
1.413763954592607286e+00 6.015149438515734470e-01 0.000000000000000000e+00
1.060327282533037430e+00 -1.102188314475107678e+00 2.000000000000000000e+00
1.439321416293005029e+00 -1.055135671438437450e+00 2.000000000000000000e+00
1.279654461487477413e+00 -1.119503840227974445e+00 2.000000000000000000e+00
-7.070303960980495184e-01 -1.150088960304269214e+00 1.000000000000000000e+00
1.769176810592153926e+00 1.592205916573769642e+00 0.000000000000000000e+00
-6.701771121743054227e-01 -7.875286533857218663e-01 1.000000000000000000e+00
3.522560068409830158e-01 -1.204416185432043873e+00 2.000000000000000000e+00
6.524549812536191151e-01 -7.374436996562789837e-01 2.000000000000000000e+00
1.287867268214932803e+00 -1.099367722682015325e+00 2.000000000000000000e+00
1.184317731080502201e+00 -1.160394463158560541e+00 2.000000000000000000e+00
9.557837371070109223e-01 1.408069084686319972e+00 0.000000000000000000e+00
1.307508257759790071e+00 -1.168531034929872092e+00 2.000000000000000000e+00
-5.937338873831594643e-01 -7.195834635339610763e-01 1.000000000000000000e+00
6.176219998028891212e-01 8.616072897202453618e-01 0.000000000000000000e+00
9.379856767526696393e-01 -9.735758952854030035e-01 2.000000000000000000e+00
-8.257815362817385596e-01 -1.239689710983887805e+00 1.000000000000000000e+00
-1.301481786472240332e+00 -9.449240696386610461e-01 1.000000000000000000e+00
-6.132927955334159797e-01 -7.967728362434088885e-01 1.000000000000000000e+00
-9.951072065444730441e-01 -3.722961541856382173e-01 1.000000000000000000e+00
-1.592498384878919371e+00 -1.509023254012926696e+00 1.000000000000000000e+00
-1.299876137881158744e+00 -9.868765009545152900e-01 1.000000000000000000e+00
1.113711868322885934e+00 1.697067512262252498e+00 0.000000000000000000e+00
-9.353762931047328033e-01 -3.746381019884281738e-01 1.000000000000000000e+00
-6.109856843429852802e-01 -1.464527011181849803e-01 1.000000000000000000e+00
-3.684539222334046737e-01 -1.318200220021316316e+00 1.000000000000000000e+00
-1.146022086618503133e+00 -1.716531019216473553e+00 1.000000000000000000e+00
1.012507018811027892e+00 -1.036844845876782273e+00 2.000000000000000000e+00
-8.118267420614072583e-01 -8.754211713783377480e-01 1.000000000000000000e+00
6.308706740012688385e-01 -1.580535399276409958e+00 2.000000000000000000e+00
8.871216493238259782e-01 -1.463281274073611637e+00 2.000000000000000000e+00
1.039466981526318223e+00 -9.211275779210530423e-01 2.000000000000000000e+00
1.034470736952048053e+00 -1.236407947040638611e-01 2.000000000000000000e+00
1.227383567569710898e+00 -1.133124705940883770e+00 2.000000000000000000e+00
1.216049210560197658e+00 -8.381317178778446841e-02 2.000000000000000000e+00
-6.254405825790161355e-01 -1.210256237240775912e+00 1.000000000000000000e+00
6.812898774774795996e-01 -3.807732794485044758e-01 2.000000000000000000e+00
9.132201720253403376e-01 1.178157300357918880e+00 0.000000000000000000e+00
-1.316914664722458106e+00 -1.212642363204581963e+00 1.000000000000000000e+00
-1.302597411552299356e+00 -8.793943770412935290e-01 1.000000000000000000e+00
1.868465979727266468e+00 -7.351702844001174464e-01 2.000000000000000000e+00
1.320820695496206287e+00 -1.738612792665869211e+00 2.000000000000000000e+00
1.100932572553808608e+00 -1.156319198432405493e+00 2.000000000000000000e+00
1.127647360034512936e+00 -8.770940877977635441e-01 2.000000000000000000e+00
-1.180521214841010469e+00 -8.937248100135055662e-01 1.000000000000000000e+00
7.411785894468962965e-01 -9.315025819391149486e-01 2.000000000000000000e+00
-2.033118653187977909e+00 -1.461580145460803726e+00 1.000000000000000000e+00
6.304351936759990949e-01 -4.351393206805476144e-01 2.000000000000000000e+00
-1.029867191300459783e+00 -8.965134239081016254e-01 1.000000000000000000e+00
6.656575730073515107e-01 -1.376837435549246313e+00 2.000000000000000000e+00
3.668246410659672385e-01 1.244151751642882164e+00 0.000000000000000000e+00
5.339400636866573624e-01 1.360330594781674840e+00 0.000000000000000000e+00
3.581045880556050776e-01 -4.165141001296025491e-01 2.000000000000000000e+00
4.608298309483518373e-01 6.953706446973764166e-01 0.000000000000000000e+00
1.027053692026767884e+00 -1.185208701643620355e+00 2.000000000000000000e+00
8.753789871490509356e-01 1.022466136891898136e+00 0.000000000000000000e+00
1.782364923300277848e+00 1.156037329075170650e+00 0.000000000000000000e+00
1.056781265328311958e+00 8.722686331419619021e-01 0.000000000000000000e+00
1.746673259332650829e+00 -6.970126679754384824e-01 2.000000000000000000e+00
6.569189507812422946e-01 -9.458181347240077752e-01 2.000000000000000000e+00
-9.701654373825785438e-01 -1.430839627761598010e+00 1.000000000000000000e+00
-6.134118778937525107e-02 -1.511664442811303299e+00 1.000000000000000000e+00
-7.571553312335816965e-01 -1.419268162730189298e+00 1.000000000000000000e+00
-3.473610289870913137e-01 -8.488963321077128699e-01 1.000000000000000000e+00
6.110388442590009017e-01 -4.615115707110799548e-01 2.000000000000000000e+00
