limit_infor,campaign_type,campaign_level,product_level,resource_amount,email_rate,price,discount_rate,hour_resouces,campaign_fee,orders
0,6,0,1,1,0.08,140,0.83,93,888,1981
0,0,0,1,1,0.10,144,0.75,150,836,986
0,1,1,1,1,0.12,149,0.84,86,1330,1416
0,3,1,2,1,0.12,141,0.82,95,2273,2368
0,0,0,1,1,0.10,146,0.59,73,1456,1529
0,3,1,2,1,0.14,149,0.81,53,1552,1605
0,0,0,1,1,0.12,143,0.64,54,768,822
0,4,1,1,1,0.15,144,0.78,47,1491,1538
0,2,1,1,2,0.13,144,0.63,89,2147,2236
0,1,1,1,2,0.15,148,0.78,41,1280,1321
0,5,1,1,2,0.19,154,0.87,54,1367,1421
0,0,0,2,2,0.16,180,0.80,196,1781,1977
0,6,0,2,2,0.16,154,0.73,68,891,959
0,4,1,1,2,0.15,147,0.70,38,1368,1406
0,0,0,1,2,0.16,142,0.75,284,2027,2311
0,2,1,2,2,0.19,169,0.88,43,1220,1263
0,3,1,1,2,0.16,160,0.70,25,1137,1162
0,6,0,2,2,0.17,183,0.78,67,1234,1301
1,1,0,2,2,0.18,154,0.81,117,883,1000
0,5,1,1,2,0.16,146,0.65,75,1468,1543
0,6,0,1,2,0.18,146,0.81,333,2160,2493
0,1,1,2,2,0.19,160,0.81,42,1459,2201
0,2,1,1,2,0.19,158,0.80,74,1376,1450
0,4,1,1,2,0.18,144,0.72,61,1489,1550
0,5,1,1,2,0.21,151,0.89,149,1597,1746
1,1,0,1,2,0.19,152,0.77,217,2081,2298
0,4,1,1,2,0.19,150,0.78,130,3162,3292
0,2,1,2,2,0.23,183,0.95,47,1313,1360
0,4,1,1,2,0.22,169,0.89,15,416,431
0,1,1,1,2,0.19,144,0.75,120,1229,1349
0,6,0,1,2,0.21,165,0.85,123,975,1098
0,5,1,2,2,0.21,150,0.83,148,1362,1510
0,4,1,1,2,0.20,132,0.77,123,1562,1685
0,2,1,1,2,0.21,159,0.84,108,1454,1562
0,5,1,2,2,0.22,179,0.88,38,1129,1167
0,4,1,1,2,0.23,152,0.91,88,1518,1606
0,5,1,2,2,0.23,159,0.87,88,1620,1708
0,1,1,2,2,0.22,158,0.85,439,2290,2729
0,0,0,1,2,0.25,172,0.93,140,956,1096
0,2,1,2,2,0.23,186,0.85,9,674,683
0,3,1,3,2,0.20,186,0.71,34,472,506
0,5,1,2,2,0.22,145,0.80,115,3048,3163
0,1,1,2,2,0.24,191,0.89,145,2287,2432
0,2,1,1,2,0.20,154,0.64,64,1466,1530
0,0,0,1,2,0.25,149,0.93,377,2366,2743
0,3,1,1,2,0.25,142,0.91,139,1778,1917
0,6,0,1,2,0.23,154,0.80,288,1184,1472
0,1,1,1,2,0.23,141,0.83,94,3328,3422
0,2,1,2,2,0.23,162,0.87,186,1799,1985
0,6,0,3,2,0.21,173,0.71,192,1977,2169
0,1,1,2,2,0.25,170,0.90,106,2270,2376
0,3,1,1,2,0.23,144,0.81,82,1518,1600
0,1,1,2,2,0.26,179,0.92,174,746,920
0,0,0,1,2,0.23,148,0.81,251,953,1204
0,6,0,2,2,0.24,193,0.84,100,905,1005
0,6,0,2,2,0.25,,0.84,222,1026,1248
0,1,1,1,2,0.27,167,0.94,143,3167,3310
0,0,0,1,2,0.25,159,0.83,220,2211,2431
0,3,1,3,2,0.22,182,0.68,9,432,441
0,1,1,1,2,0.24,151,0.77,203,3130,3333
0,0,0,1,2,0.26,152,0.87,408,1379,1787
0,0,0,1,2,0.26,147,0.85,309,2115,2424
0,4,1,1,2,0.26,157,0.88,254,2169,2423
0,0,0,2,3,0.25,149,0.82,472,1221,1693
0,6,0,2,3,0.24,175,0.88,159,1182,2341
0,5,1,2,3,0.26,159,0.84,644,2451,3095
0,6,0,3,3,0.23,188,0.65,57,570,627
0,4,1,2,3,0.23,165,0.65,247,1867,2114
0,4,1,1,3,0.26,151,0.83,340,5035,5375
0,0,0,1,3,0.23,148,0.65,364,1432,1796
0,3,1,2,3,0.27,172,0.87,109,2693,2802
0,6,0,2,3,0.25,156,0.76,275,2464,2739
0,2,1,1,3,0.26,146,0.80,221,3735,3956
0,3,1,2,3,0.25,178,0.74,72,1454,1526
0,5,1,2,3,0.26,161,0.80,214,1730,1944
0,4,1,2,3,0.26,154,0.80,83,1844,1927
0,1,1,1,3,0.24,155,0.66,244,1628,1872
0,6,0,2,3,0.27,178,0.88,384,2448,2832
0,5,1,1,3,0.26,150,0.77,300,1910,2210
0,1,1,1,3,0.26,130,0.79,222,1806,2028
0,4,1,1,3,0.26,156,0.81,163,3667,3830
0,0,0,2,3,0.26,169,0.82,318,2629,2947
0,4,1,1,3,0.26,158,0.76,150,3172,3322
0,4,1,1,3,0.28,152,0.87,140,3132,3272
0,6,0,1,3,0.24,144,0.59,205,1544,1749
0,6,0,1,3,0.26,139,0.79,981,1515,2496
0,2,1,1,3,0.25,131,0.71,140,1675,1815
0,2,1,1,3,0.26,154,0.78,137,1714,1851
0,4,1,3,3,0.26,192,0.78,179,1506,1685
0,1,1,1,3,0.26,140,0.78,126,3498,3624
0,1,1,1,3,0.30,174,0.95,120,1592,1712
1,1,0,1,3,0.25,138,0.67,244,1707,1951
0,3,1,2,3,0.28,185,0.87,92,2085,2177
0,5,1,1,3,0.25,151,0.62,174,3040,3214
0,5,1,1,3,0.27,141,0.83,245,3147,3392
0,0,0,1,3,0.28,168,0.84,303,451,754
0,6,0,1,3,0.27,151,0.77,502,2688,3190
0,1,1,1,3,0.28,164,0.83,260,3143,3403
0,6,0,1,3,0.25,140,0.62,532,1745,2277
0,0,0,1,3,0.27,141,0.79,515,2874,3389
0,0,0,2,3,0.27,152,0.75,618,2071,2689
1,1,0,1,3,0.27,151,0.77,502,2627,3129
0,2,1,1,3,0.28,157,0.83,466,5220,5686
0,5,1,2,3,0.29,154,0.88,227,3604,3831
0,4,1,1,3,0.30,156,0.88,243,5080,5323
0,5,1,1,3,0.29,164,0.87,429,5182,5611
0,2,1,1,3,0.30,159,0.86,155,3368,3523
0,6,0,1,3,0.28,154,0.81,424,1545,3969
0,0,0,1,3,0.27,131,0.76,558,2685,3243
0,1,1,1,3,0.30,162,0.85,206,3578,3784
0,4,1,2,3,0.27,181,0.76,166,1699,1865
0,0,0,1,3,0.28,141,0.78,639,1173,1812
0,0,0,1,3,0.29,157,0.86,354,1269,1623
0,6,0,1,3,0.28,135,0.77,968,3150,4118
0,2,1,1,3,0.30,159,0.79,163,3614,3777
0,3,1,1,3,0.28,155,0.80,373,5122,5495
0,5,1,1,3,0.32,170,0.92,261,3359,3620
0,6,0,1,3,0.26,140,0.58,317,2415,2732
1,2,0,2,3,0.29,173,0.83,440,573,1013
0,2,1,2,3,0.28,179,0.76,123,3836,3959
0,3,1,2,3,0.30,,0.79,78,1572,1650
0,2,1,1,3,0.30,142,0.88,316,1817,2133
0,3,1,1,3,0.29,164,0.84,467,3803,4270
0,4,1,2,3,0.29,170,0.75,100,1707,1807
0,3,1,2,3,0.29,178,0.78,191,1700,1891
0,3,1,2,3,0.27,155,0.70,326,4709,5035
0,4,1,1,3,0.29,149,0.83,425,5107,5532
0,3,1,1,3,0.29,151,0.79,198,5062,5260
0,3,1,2,3,0.30,154,0.84,310,5009,5319
0,6,0,2,3,0.32,181,0.94,951,4240,5191
0,5,1,1,3,0.32,165,0.94,362,5306,5668
0,3,1,1,3,0.28,150,0.71,255,2047,2302
0,6,0,1,3,0.31,161,0.90,706,2908,3614
0,5,1,2,3,0.28,169,0.74,307,1920,2227
0,3,1,2,3,0.30,165,0.83,168,1368,1536
0,6,0,1,3,0.30,154,0.81,155,856,1011
0,2,1,1,3,0.29,131,0.77,317,2108,2425
1,1,0,2,3,0.28,161,0.69,195,912,1107
0,3,1,1,3,0.28,144,0.58,109,3267,3376
0,2,1,1,3,0.32,165,0.81,173,3425,3598
0,5,1,1,3,0.32,164,0.87,491,2508,2999
0,4,1,1,3,0.31,152,0.78,182,3545,3727
0,1,1,1,3,0.34,154,0.95,337,4750,5087
0,5,1,1,3,0.31,153,0.82,310,3841,4151
0,5,1,1,3,0.33,163,0.90,268,3672,3940
0,6,0,2,3,0.32,165,0.80,898,1354,2252
0,6,0,1,3,0.33,154,0.79,775,3248,4023
0,5,1,2,3,0.31,165,0.77,247,1730,1977
0,0,0,1,3,0.32,146,0.74,397,1192,1589
0,4,1,2,3,0.33,175,0.91,74,2931,3005
0,2,1,2,3,0.32,166,0.82,289,1767,2056
0,3,1,2,3,0.34,166,0.94,178,3562,3740
0,2,1,2,3,0.31,183,0.79,87,1009,1096
0,3,1,1,3,0.32,142,0.75,218,1897,2115
0,0,0,1,3,0.32,162,0.82,885,2446,3331
0,2,1,2,3,0.33,151,0.86,135,3787,3922
0,1,1,1,3,0.31,149,0.76,378,4881,5259
0,5,1,2,3,0.32,176,0.87,349,4659,5008
0,1,1,2,3,0.30,177,0.70,195,3019,3214
0,4,1,2,3,0.32,162,0.85,320,5125,5445
1,1,0,1,3,0.32,151,0.76,430,887,1317
0,2,1,1,3,0.32,129,0.81,531,4571,5102
0,6,0,1,3,0.34,165,0.89,767,4280,5047
1,5,0,1,3,0.31,145,0.69,440,2928,3368
0,2,1,2,3,0.33,176,0.81,103,1059,1162
0,3,1,1,3,0.31,161,0.73,188,3425,3613
0,6,0,1,3,0.33,155,0.82,1313,4316,5629
0,1,1,1,3,0.33,150,0.86,359,1687,2046
0,0,0,1,3,0.33,153,0.82,1201,3906,5107
0,0,0,1,3,0.30,140,0.67,710,2713,3423
0,5,1,2,3,0.30,156,0.63,221,3402,3623
0,6,0,1,3,0.32,152,0.81,1156,2770,3926
0,6,0,1,3,0.33,159,0.78,724,1408,2132
0,6,0,1,3,0.32,150,0.78,943,2720,3663
0,4,1,2,3,0.34,167,0.87,314,3814,4128
0,0,0,1,3,0.35,178,0.92,634,2851,3485
0,5,1,2,3,0.32,159,0.77,456,3291,3747
0,3,1,1,3,0.34,163,0.82,333,4934,5267
0,0,0,1,3,0.33,147,0.79,1047,1424,4471
0,5,1,1,3,0.34,154,0.83,307,3791,4098
0,3,1,1,3,0.32,145,0.69,231,1903,2134
0,5,1,2,3,0.32,184,0.77,172,1299,1471
0,5,1,2,3,0.32,173,0.78,177,1506,1683
0,0,0,1,3,0.34,147,0.81,599,2826,3425
0,1,1,1,3,0.36,170,0.89,362,3307,3669
1,4,0,1,3,0.35,158,0.95,955,1470,2425
0,4,1,2,3,0.36,177,0.93,244,3831,4075
0,4,1,2,3,0.32,158,0.69,139,2914,3053
0,6,0,2,3,0.34,188,0.87,879,1576,2455
0,2,1,1,3,0.35,184,0.88,439,3900,4339
0,0,0,1,3,0.34,169,0.77,922,3747,4669
0,2,1,2,3,0.32,166,0.66,327,3767,4094
0,5,1,1,3,0.35,163,0.79,349,3805,4154
0,6,0,2,3,0.32,149,0.73,1029,4109,5138
0,0,0,1,3,0.35,168,0.87,694,1708,2402
0,6,0,2,3,0.36,181,0.84,331,654,985
0,3,1,2,3,0.35,180,0.82,65,1769,1834
0,5,1,1,3,0.35,152,0.83,484,5214,5698
0,6,0,1,3,0.36,153,0.81,1435,2883,4318
0,3,1,2,3,0.34,184,0.77,203,1918,2121
0,0,0,2,3,0.36,182,0.88,892,3757,4649
0,0,0,1,3,0.36,173,0.91,952,2697,3649
0,3,1,1,3,0.35,153,0.82,141,4028,4169
0,3,1,1,3,0.34,147,0.70,482,4380,4862
0,4,1,1,4,0.34,133,0.65,340,4975,5315
0,5,1,2,4,0.36,166,0.86,246,2948,3194
0,3,1,1,4,0.36,161,0.90,615,4531,5146
0,2,1,2,4,0.34,160,0.70,282,5219,5501
0,2,1,1,4,0.36,150,0.85,199,4176,4375
0,5,1,1,4,0.36,152,0.73,618,5229,5847
0,0,0,2,4,0.35,179,0.78,616,2302,2918
0,6,0,1,4,0.36,155,0.79,1275,2792,4067
0,3,1,2,4,0.36,167,0.83,419,5147,5566
0,2,1,1,4,0.35,140,0.81,229,4134,4363
0,5,1,1,4,0.36,154,0.79,709,5283,5992
0,0,0,1,4,0.36,148,0.78,1658,3253,4911
0,0,0,2,4,0.37,184,0.90,538,3248,3786
0,0,0,2,4,0.35,170,0.75,131,670,801
0,5,1,2,4,0.35,171,0.65,120,1341,1461
0,3,1,2,4,0.37,178,0.80,321,1871,2192
0,4,1,2,4,0.37,158,0.84,466,5520,5986
0,1,1,1,4,0.36,149,0.73,253,4069,4322
0,5,1,1,4,0.38,157,0.85,1603,2307,3910
0,0,0,1,4,0.38,169,0.81,686,1608,2294
0,5,1,2,4,0.38,158,0.86,796,4663,5459
0,2,1,2,4,0.36,172,0.65,127,2808,2935
0,5,1,1,4,0.38,169,0.73,163,2046,2209
1,4,0,1,4,0.37,155,0.83,560,935,5495
0,2,1,2,4,0.38,169,0.92,534,5100,5634
0,5,1,1,4,0.38,164,0.90,1095,1697,2792
0,5,1,2,4,0.36,150,0.74,178,3399,3577
0,6,0,1,4,0.39,168,0.93,1249,1819,3068
0,0,0,2,4,0.37,195,0.66,114,491,605
0,6,0,2,4,0.38,149,0.87,1120,3100,4220
0,3,1,1,4,0.39,172,0.92,370,3816,4186
0,0,0,1,4,0.38,148,0.82,1651,1598,3249
0,4,1,2,4,0.37,181,0.81,190,2743,2933
0,1,1,2,4,0.38,162,0.76,449,5050,5499
0,6,0,2,4,0.39,191,0.90,1153,4429,5582
0,4,1,2,4,0.38,180,0.82,269,3828,4097
1,1,0,2,4,0.39,171,0.81,874,4604,5478
0,0,0,2,4,0.39,191,0.84,441,2787,3228
0,6,0,2,4,0.38,179,0.75,640,1437,2077
0,1,1,2,4,0.39,176,0.92,330,3240,3570
0,0,0,1,4,0.38,153,0.73,982,1435,2417
0,1,1,2,4,0.39,183,0.94,233,3578,3811
0,2,1,2,4,0.40,160,0.94,216,3534,3750
0,4,1,3,4,0.39,100,0.74,46,577,623
0,6,0,1,4,0.39,165,0.94,2090,4446,6536
0,2,1,1,4,0.38,142,0.74,324,4185,4509
0,3,1,1,4,0.39,147,0.74,413,2395,2808
0,1,1,2,4,0.40,191,0.90,212,4373,4585
0,6,0,1,4,0.39,153,0.83,1070,3451,4521
0,6,0,1,4,0.39,149,0.85,2252,4857,7109
0,1,1,1,4,0.40,176,0.94,373,3662,4035
0,3,1,1,4,0.39,157,0.77,394,4379,4773
0,0,0,3,4,0.39,184,0.66,120,907,1027
0,4,1,1,4,0.39,147,0.71,663,4746,5409
0,4,1,2,4,0.40,167,0.81,190,3571,3761
0,6,0,1,4,0.39,119,0.49,532,1103,1635
0,3,1,1,4,0.41,176,0.94,305,3804,4109
0,2,1,1,4,0.40,168,0.86,410,3658,4068
0,5,1,2,4,0.40,162,0.73,470,3576,4046
0,5,1,1,4,0.39,138,0.70,1807,4653,6460
0,3,1,1,4,0.39,151,0.65,432,4484,4916
0,1,1,2,4,0.40,188,0.71,81,1365,3446
0,5,1,2,4,0.41,174,0.76,246,3241,3487
0,2,1,1,4,0.41,172,0.93,376,3829,4205
0,4,1,1,4,0.41,170,0.86,318,3656,3974
0,3,1,3,4,0.40,197,0.73,50,655,705
0,6,0,2,4,0.41,175,0.71,480,1949,2429
0,6,0,1,4,0.41,162,0.78,665,1820,2485
0,2,1,1,4,0.41,167,0.78,433,5124,5557
0,5,1,2,4,0.40,141,0.59,447,4122,4569
0,3,1,2,4,0.42,182,0.75,209,1953,2162
0,2,1,1,4,0.41,145,0.75,518,5115,5633
0,3,1,2,4,0.40,174,0.67,255,2378,2633
0,2,1,2,4,0.40,164,0.61,167,1628,1795
0,6,0,2,4,0.41,162,0.84,956,3110,4066
0,4,1,1,4,0.41,160,0.79,424,2320,2744
0,1,1,1,4,0.40,138,0.58,208,1705,1913
0,0,0,2,4,0.42,171,0.86,781,2729,3510
0,2,1,3,4,0.42,196,0.88,69,1538,1607
0,0,0,1,4,0.42,166,0.87,2290,4562,6852
0,0,0,1,4,0.42,174,0.90,1619,2762,4381
0,4,1,2,4,0.41,163,0.73,181,3528,3709
0,6,0,1,4,0.43,163,0.91,1499,2809,4308
0,4,1,2,4,0.43,176,0.95,227,2841,3068
0,6,0,2,4,0.42,174,0.75,2301,3934,6235
0,5,1,2,4,0.42,174,0.66,269,3187,3456
0,0,0,2,4,0.42,168,0.83,2347,3694,6041
0,0,0,2,4,0.43,186,0.85,1188,1707,2895
0,5,1,1,4,0.42,157,0.78,676,3628,4304
0,3,1,2,4,0.43,186,0.78,107,2553,2660
0,1,1,2,4,0.41,174,0.71,401,1676,2077
0,6,0,3,4,0.43,189,0.66,121,674,795
0,1,1,1,4,0.43,150,0.69,1208,4728,5936
0,4,1,1,4,0.43,146,0.82,834,6736,7570
0,4,1,1,4,0.43,137,0.78,1192,5265,6457
0,1,1,2,4,0.44,193,0.81,329,4841,5170
0,5,1,2,4,0.44,184,0.89,548,3830,4378
0,4,1,1,4,0.43,151,0.77,259,2216,2475
0,0,0,2,4,0.44,188,0.78,1532,3464,4996
0,4,1,1,4,0.43,160,0.84,571,2570,3141
0,5,1,1,4,0.43,154,0.76,1060,6222,7282
0,6,0,1,4,0.43,125,0.73,3252,3605,6857
0,3,1,1,4,0.43,149,0.68,331,5398,5729
0,1,1,3,4,0.44,188,0.64,2,20,22
0,3,1,2,4,0.43,176,0.66,112,2454,2566
0,0,0,1,4,0.43,146,0.72,1004,2713,3717
0,2,1,1,4,0.44,162,0.77,460,2243,2703
0,5,1,1,4,0.43,141,0.84,1252,5146,6398
0,1,1,1,4,0.44,148,0.61,795,4763,5558
0,2,1,2,4,0.44,176,0.81,601,5791,6392
1,5,0,1,4,0.44,167,0.77,642,2484,3126
0,2,1,1,4,0.44,144,0.75,819,5099,5918
0,1,1,3,4,0.45,191,0.86,220,2545,2765
0,0,0,2,5,0.45,176,0.89,1138,2213,3351
0,1,1,1,5,0.46,177,0.92,555,5679,6234
0,4,1,1,5,0.44,155,0.81,516,4546,5062
0,3,1,1,5,0.45,169,0.90,979,6482,7461
0,3,1,3,5,0.45,193,0.86,145,1672,1817
0,0,0,1,5,0.45,148,0.70,1558,2186,3744
0,5,1,1,5,0.45,140,0.65,1014,5219,6233
0,2,1,2,5,0.45,183,0.74,96,2818,2914
0,0,0,1,5,0.45,159,0.88,2229,4075,6304
0,0,0,1,5,0.46,170,0.79,810,2261,3071
0,4,1,1,5,0.44,144,0.70,614,3819,4433
0,4,1,1,5,0.45,141,0.67,745,3444,4189
0,6,0,2,5,0.45,189,0.77,1462,2574,4036
0,2,1,3,5,0.46,195,0.77,126,2468,2594
0,1,1,1,5,0.46,177,0.88,699,3488,4187
0,0,0,2,5,0.46,168,0.81,787,2733,3520
0,3,1,2,5,0.46,157,0.83,347,4020,4367
0,1,1,2,5,0.46,157,0.83,665,4907,5572
0,0,0,1,5,0.46,151,0.83,2132,4692,6824
0,1,1,1,5,0.46,149,0.79,838,4460,8298
0,2,1,1,5,0.46,140,0.90,1348,5424,6772
0,4,1,1,5,0.46,154,0.89,529,2738,3267
0,2,1,1,5,0.46,156,0.82,922,6612,7534
0,5,1,2,5,0.46,159,0.84,742,4018,4760
0,3,1,1,5,0.47,151,0.81,304,4275,4579
0,4,1,2,5,0.46,181,0.80,240,2419,2659
0,2,1,1,5,0.46,162,0.83,695,3992,4687
0,0,0,2,5,0.46,181,0.87,2207,3685,5892
0,6,0,1,5,0.46,150,0.76,1965,3347,5312
0,6,0,1,5,0.47,138,0.63,1424,1693,3117
0,2,1,1,5,0.47,173,0.83,551,6055,6606
0,4,1,1,5,0.47,164,0.58,471,3724,4195
0,3,1,1,5,0.47,143,0.88,655,5541,6196
0,0,0,2,5,0.47,169,0.60,998,3461,4459
0,5,1,1,5,0.47,159,0.77,894,3714,4608
0,3,1,2,5,0.47,172,0.85,404,3490,3894
0,2,1,1,5,0.47,171,0.79,486,3970,4456
0,6,0,1,5,0.47,157,0.88,2806,5284,8090
0,3,1,1,5,0.47,148,0.71,674,5024,5698
1,1,0,1,5,0.48,174,0.83,1097,5172,6269
0,4,1,1,5,0.48,162,0.77,325,4665,4990
0,1,1,1,5,0.48,157,0.92,830,6228,7058
0,1,1,1,5,0.48,132,0.64,905,4680,5585
0,6,0,2,5,0.48,172,0.81,1434,3077,4511
0,4,1,1,5,0.48,162,0.87,639,4126,4765
0,4,1,1,5,0.48,144,0.68,834,5299,6133
0,6,0,1,5,0.49,150,0.81,2795,4665,7460
0,4,1,2,5,0.48,176,0.82,475,4551,5026
0,4,1,1,5,0.49,161,0.93,846,5719,6565
0,0,0,1,5,0.49,128,0.77,2230,2939,5169
0,6,0,2,5,0.49,189,0.81,1033,2339,3372
0,2,1,2,5,0.49,174,0.73,257,1777,2034
0,1,1,1,5,0.49,174,0.86,253,3614,4867
0,2,1,2,5,0.49,167,0.84,409,2795,3204
0,4,1,1,5,0.49,155,0.69,1026,5546,6572
0,6,0,1,5,0.50,148,0.74,1899,3318,5217
0,0,0,1,5,0.49,170,0.82,1353,2921,4274
0,5,1,1,5,0.50,146,0.76,878,3717,4595
0,5,1,1,5,0.50,168,0.98,949,4036,4985
0,0,0,1,5,0.50,149,0.72,1748,3293,5041
0,5,1,2,5,0.49,186,0.82,692,3413,4105
0,1,1,1,5,0.50,154,0.84,669,2760,3429
0,6,0,2,5,0.51,176,0.89,3155,4681,7836
0,3,1,1,5,0.50,163,0.81,780,6911,7691
0,1,1,1,5,0.50,149,0.86,1001,6435,7436
0,6,0,1,5,0.51,154,0.84,1612,3102,4714
0,6,0,2,5,0.50,192,0.87,902,2507,3409
0,1,1,2,5,0.51,165,0.91,763,6015,6778
0,6,0,1,5,0.51,170,0.95,2235,3174,5409
0,0,0,1,5,0.51,164,0.72,2080,4559,6639
0,5,1,1,5,0.51,152,0.74,579,2348,2927
0,4,1,2,5,0.51,173,0.76,1008,6501,7509
0,5,1,1,5,0.52,169,0.85,1340,5950,7290
0,0,0,1,5,0.52,158,0.87,2015,4874,6889
0,4,1,1,5,0.52,157,0.56,486,4896,5382
0,0,0,1,5,0.52,163,0.93,1401,2932,4333
0,0,0,1,5,0.52,147,0.78,2454,5453,7907
0,6,0,2,5,0.52,172,0.76,2643,5209,7852
0,2,1,2,5,0.51,169,0.80,449,3746,4195
0,1,1,1,5,0.52,159,0.69,595,3891,4486
0,4,1,2,5,0.51,183,0.89,735,3840,4575
0,3,1,2,5,0.51,182,0.91,1122,5108,6230
0,2,1,2,5,0.52,170,0.89,637,4111,4748
0,1,1,1,5,0.53,159,0.82,664,3698,4362
0,2,1,1,5,0.52,149,0.88,694,4109,4803
0,5,1,1,5,0.52,136,0.76,1319,5711,7030
0,1,1,1,5,0.51,158,0.82,713,3857,4570
0,4,1,1,5,0.52,175,0.81,695,4169,4864
0,5,1,1,5,0.53,172,0.87,909,4008,4917
0,1,1,2,5,0.53,166,0.77,1008,5265,6273
0,3,1,1,5,0.53,165,0.82,559,4267,4826
0,2,1,3,5,0.52,189,0.66,204,2506,2710
0,5,1,1,5,0.53,153,0.77,884,2355,3239
0,0,0,1,5,0.52,173,0.94,2397,3114,5511
0,2,1,2,5,0.53,161,0.79,968,6033,7001
0,3,1,1,5,0.53,147,0.82,1058,5378,6436
0,3,1,3,5,0.51,190,0.76,254,2170,2424
0,3,1,1,5,0.53,163,0.88,550,3632,4182
0,6,0,1,5,0.53,154,0.77,2589,5966,8555
0,3,1,3,5,0.52,191,0.75,217,2199,2416
0,2,1,1,5,0.53,164,0.91,841,6625,7466
0,1,1,1,5,0.53,173,0.84,982,5171,6153
0,5,1,2,5,0.52,181,0.87,1182,6262,7444
0,4,1,1,5,0.53,162,0.88,939,6781,7720
0,1,1,2,5,0.53,173,0.82,847,3554,4401
0,1,1,2,5,0.53,169,0.85,691,3848,4539
0,3,1,2,6,0.53,187,0.80,536,3319,3855
0,4,1,2,6,0.53,180,0.88,875,6484,7359
0,2,1,1,6,0.54,157,0.76,845,6693,7538
0,5,1,2,6,0.53,172,0.78,529,3115,3644
0,3,1,1,6,0.54,154,0.78,788,6803,7591
0,4,1,1,6,0.53,183,0.88,1334,5537,6871
0,6,0,1,6,0.54,166,0.73,3031,4934,7965
0,3,1,1,6,0.54,161,0.92,1027,6028,7055
0,4,1,1,6,0.53,158,0.85,1005,5187,6192
0,4,1,2,6,0.54,177,0.87,764,5657,6421
0,2,1,1,6,0.54,181,0.88,1051,5042,6093
0,2,1,2,6,0.53,188,0.87,438,3203,3641
0,2,1,2,6,0.54,184,0.72,678,3445,4123
0,1,1,2,6,0.54,171,0.70,760,5115,5875
0,0,0,2,6,0.54,187,0.85,1582,2971,4553
0,0,0,2,6,0.55,174,0.85,2135,4224,6359
0,5,1,2,6,0.54,182,0.87,753,4671,5424
0,3,1,1,6,0.54,180,0.86,667,5502,6169
0,5,1,1,6,0.54,165,0.79,830,4372,5202
0,5,1,1,6,0.55,152,0.86,1521,6118,7639
0,6,0,1,6,0.54,148,0.88,2622,4807,7429
0,2,1,1,6,0.54,162,0.76,762,5085,5847
0,2,1,2,6,0.55,181,0.86,667,3896,4563
0,1,1,2,6,0.54,178,0.83,653,4446,5099
0,6,0,1,6,0.54,168,0.72,2541,4083,6624
1,1,0,1,6,0.54,173,0.96,1514,3603,5117
0,3,1,1,6,0.55,151,0.88,997,5315,6312
0,1,1,2,6,0.55,179,0.79,342,2501,2843
0,1,1,1,6,0.54,143,0.61,734,2381,3115
0,3,1,2,6,0.55,174,0.78,620,4097,4717
0,1,1,1,6,0.55,179,0.87,773,3185,3958
0,4,1,2,6,0.55,171,0.73,428,3231,3659
0,2,1,1,6,0.55,152,0.91,1070,6697,7767
0,0,0,1,6,0.56,157,0.91,2166,5167,7333
0,1,1,2,6,0.55,173,0.85,1022,5847,6869
0,0,0,2,6,0.55,181,0.81,1710,2481,4191
0,2,1,2,6,0.56,169,0.70,738,4990,5728
0,6,0,1,6,0.57,155,0.81,2795,5325,8120
0,1,1,1,6,0.57,150,0.74,1118,6407,7525
0,3,1,1,6,0.56,164,0.93,795,6898,7693
0,4,1,2,6,0.55,190,0.86,290,2623,2913
0,2,1,3,6,0.54,187,0.90,315,4324,4639
0,0,0,1,6,0.57,160,0.86,2634,4344,6978
0,4,1,1,6,0.57,152,0.77,1242,6142,7384
0,3,1,2,6,0.55,190,0.90,539,3813,4352
0,3,1,1,6,0.56,161,0.76,613,3331,5944
0,1,1,2,6,0.57,172,0.68,855,2493,3348
0,6,0,3,6,0.55,187,0.79,1264,3195,4459
0,1,1,1,6,0.58,149,0.72,1071,5927,6998
0,1,1,2,6,0.57,181,0.77,630,3729,4359
0,3,1,3,6,0.54,192,0.90,118,1878,1996
0,5,1,1,6,0.57,167,0.85,1250,6917,8167
0,3,1,1,6,0.57,158,0.87,1050,6820,7870
0,6,0,1,6,0.57,146,0.92,3410,4884,8294
0,5,1,2,6,0.57,169,0.88,2469,5893,8362
0,6,0,1,6,0.57,163,0.88,2258,3547,5805
0,4,1,1,6,0.57,157,0.84,1038,6456,7494
0,0,0,1,6,0.58,149,0.82,2494,5147,7641
0,0,0,1,6,0.57,175,0.85,1576,3084,4660
0,2,1,1,6,0.59,151,0.73,727,4164,4891
0,6,0,2,6,0.56,186,0.92,1776,3647,5423
0,1,1,1,6,0.57,178,0.81,773,3300,4073
0,0,0,1,6,0.57,151,0.77,2846,4286,7132
0,6,0,1,6,0.59,150,0.75,3160,5554,8714
0,2,1,1,6,0.60,139,0.73,989,5702,6691
0,5,1,2,6,0.52,197,0.92,258,2137,2395
0,0,0,1,6,0.58,155,0.78,2570,5657,8227
0,2,1,2,6,0.58,179,0.85,625,4490,5115
0,4,1,1,6,0.58,164,0.92,1054,6750,7804
0,0,0,1,6,0.59,158,0.77,2172,3946,6118
0,2,1,2,6,0.58,166,0.84,653,5087,5740
0,2,1,2,6,0.58,177,0.88,819,5254,6073
0,5,1,1,6,0.58,163,0.89,1516,6640,8156
0,4,1,1,6,0.57,170,0.83,653,4186,4839
0,2,1,2,6,0.58,170,0.66,603,3848,4451
0,4,1,2,6,0.58,170,0.68,569,3489,4058
0,5,1,2,6,0.59,169,0.84,1045,6370,7415
0,3,1,2,6,0.58,184,0.69,547,3325,3872
0,5,1,1,6,0.59,135,0.75,898,4414,5312
0,0,0,1,6,0.58,153,0.75,2704,4425,7129
0,3,1,2,6,0.58,177,0.90,766,4494,5260
0,6,0,2,6,0.58,176,0.85,2496,4387,6883
0,2,1,2,6,0.57,187,0.64,371,3702,4073
0,3,1,1,6,0.59,147,0.83,769,4411,5180
0,5,1,1,6,0.59,174,0.84,1069,5227,6296
0,4,1,2,6,0.55,190,0.87,555,4240,4795
0,4,1,2,6,0.60,169,0.79,545,3222,3767
0,2,1,1,6,0.59,137,0.65,1077,6365,7442
0,1,1,2,6,0.59,181,0.77,836,3438,4274
0,2,1,1,6,0.59,173,0.67,678,3722,4400
0,6,0,1,6,0.59,150,0.83,2963,4739,7702
0,5,1,1,6,0.59,167,0.90,1379,6630,8009
0,4,1,3,6,0.56,194,0.81,153,1689,1842
0,0,0,2,6,0.57,185,0.95,1544,3466,5010
0,3,1,2,6,0.58,185,0.85,480,3427,3907
0,1,1,2,6,0.60,175,0.84,699,3311,4010
0,3,1,1,6,0.60,163,0.76,787,6946,7733
0,1,1,1,6,0.60,149,0.69,863,4157,5020
0,6,0,1,6,0.59,146,0.88,1869,3473,5342
0,1,1,2,6,0.60,173,0.87,1026,5504,6530
0,0,0,2,6,0.60,171,0.91,1208,3341,4549
0,2,1,2,6,0.57,189,0.88,477,3643,4120
0,3,1,1,6,0.60,170,0.88,991,6433,7424
0,1,1,1,6,0.61,155,0.84,729,3905,4634
0,5,1,1,6,0.60,159,0.82,1563,6102,7665
0,2,1,1,6,0.59,155,0.87,775,4429,5204
0,2,1,1,6,0.61,146,0.85,1281,4614,5895
0,5,1,2,6,0.60,173,0.86,875,3852,4727
0,1,1,1,6,0.60,169,0.91,690,4023,4713
0,0,0,2,6,0.62,165,0.86,1685,3221,4906
0,4,1,1,6,0.62,157,0.75,1180,6183,7363
0,1,1,2,6,0.59,185,0.89,684,3946,4630
0,5,1,1,6,0.60,174,0.86,863,3981,4844
0,2,1,1,6,0.60,167,0.93,1081,5925,7006
0,5,1,1,6,0.60,147,0.82,1488,6248,3736
0,5,1,2,7,0.58,190,0.88,417,3127,3544
0,4,1,2,7,0.61,169,0.87,751,6642,7393
0,6,0,1,7,0.61,165,0.72,2512,5883,8395
0,2,1,1,7,0.60,171,0.86,701,4062,4763
0,0,0,2,7,0.60,185,0.77,1483,3772,5255
0,2,1,2,7,0.60,183,0.79,477,4495,4972
0,0,0,1,7,0.61,171,0.88,1633,3413,5046
0,5,1,2,7,0.61,176,0.76,533,3594,4127
0,4,1,1,7,0.61,172,0.83,1059,5711,6770
0,4,1,1,7,0.61,164,0.86,783,4332,5115
0,6,0,1,7,0.61,173,0.77,2001,2757,4758
0,3,1,1,7,0.61,158,0.66,1173,6248,7421
0,3,1,2,7,0.61,167,0.87,745,6110,6855
0,3,1,1,7,0.61,160,0.92,688,4370,5058
0,3,1,2,7,0.60,179,0.93,728,6844,7572
0,4,1,2,7,0.61,172,0.88,891,6437,7328
0,6,0,2,7,0.61,180,0.72,1557,4419,5976
0,6,0,1,7,0.61,175,0.85,1750,3595,5345
0,2,1,2,7,0.60,174,0.79,659,3833,4492
0,3,1,1,7,0.62,170,0.85,740,4238,4978
0,6,0,2,7,0.62,171,0.76,1829,4224,6053
0,5,1,1,7,0.62,159,0.82,1318,4220,5538
1,1,0,1,7,0.61,156,0.72,1198,5172,6370
0,5,1,2,7,0.61,184,0.79,747,5123,5870
0,1,1,1,7,0.62,171,0.79,775,3563,4338
0,0,0,1,7,0.62,182,0.79,2355,2433,4788
0,0,0,2,7,0.62,176,0.91,2544,4866,7410
0,3,1,1,7,0.62,168,0.93,1094,6281,7375
0,6,0,1,7,0.63,172,0.81,1935,2549,4484
1,1,0,2,7,0.63,179,0.79,1236,2115,3351
0,3,1,1,7,0.63,170,0.83,647,4138,4785
0,3,1,1,7,0.63,161,0.75,949,4181,5130
0,0,0,2,7,0.62,182,0.78,1338,2482,3820
0,6,0,1,7,0.62,160,0.82,2827,5038,7865
0,1,1,1,7,0.62,160,0.88,673,3875,4548
0,6,0,2,7,0.64,185,0.62,226,889,1115
0,5,1,1,7,0.63,175,0.86,1417,5317,6734
0,0,0,1,7,0.64,151,0.91,1920,3385,5305
0,4,1,1,7,0.63,149,0.80,1100,6238,7338
0,2,1,2,7,0.64,177,0.83,774,4061,4835
0,4,1,1,7,0.64,148,0.76,888,4196,5084
0,5,1,1,7,0.64,165,0.76,871,3808,4679
0,1,1,2,7,0.64,166,0.89,854,3854,4708
0,4,1,2,7,0.65,177,0.79,435,3107,3542
0,5,1,2,7,0.63,172,0.86,797,3356,4153
0,3,1,1,7,0.64,155,0.89,1177,6520,7697
0,6,0,2,7,0.65,173,0.79,1504,2646,4150
0,6,0,1,7,0.64,159,0.79,2418,3505,5923
0,2,1,1,7,0.65,169,0.85,968,5857,6825
0,0,0,1,7,0.64,170,0.78,3283,3308,6591
0,1,1,1,7,0.64,147,0.72,833,3925,4758
0,0,0,1,7,0.64,175,0.84,1467,2993,4460
0,6,0,2,7,0.64,173,0.79,2247,4052,6299
0,6,0,1,7,0.64,173,0.80,2855,3681,6536
0,6,0,1,7,0.64,148,0.79,1782,3420,5202
0,4,1,1,7,0.64,164,0.92,1363,6402,7765
0,0,0,2,7,0.65,182,0.94,2613,3197,5810
0,4,1,2,7,0.66,181,0.86,611,5592,6203
0,6,0,1,7,0.64,167,0.88,1807,3312,5119
0,4,1,1,7,0.64,143,0.81,1027,4488,5515
0,6,0,1,7,0.65,167,0.90,1914,3277,5191
0,3,1,1,7,0.64,136,0.73,1077,6258,7335
0,0,0,2,7,0.65,167,0.90,1639,3105,4744
0,5,1,1,7,0.66,176,0.92,768,3893,4661
0,2,1,1,7,0.65,158,0.76,721,4004,4725
0,0,0,1,7,0.64,153,0.88,2182,4362,6544
0,5,1,2,7,0.65,162,0.93,1325,6257,7582
0,5,1,1,7,0.66,174,0.83,1045,6459,7504
0,1,1,1,7,0.65,173,0.87,989,5928,6917
0,6,0,2,7,0.67,170,0.86,2355,4614,6969
0,3,1,1,7,0.65,162,0.83,1198,6149,7347
0,4,1,1,7,0.65,159,0.92,1172,6541,7713
0,0,0,1,7,0.65,156,0.70,1415,2919,4334
1,1,0,1,7,0.66,179,0.85,1965,4069,6034
0,2,1,1,7,0.66,160,0.81,763,4070,4833
0,4,1,1,7,0.65,168,0.80,758,3919,4677
0,5,1,1,7,0.65,142,0.87,1051,3854,4905
0,5,1,2,7,0.67,176,0.77,692,3348,6040
0,0,0,1,7,0.67,174,0.79,2521,2419,4940
0,4,1,2,7,0.66,176,0.80,799,3777,4576
0,0,0,1,7,0.68,177,0.75,1249,2624,3873
0,1,1,2,7,0.65,168,0.82,998,5571,6569
0,5,1,1,7,0.66,163,0.82,1023,3843,4866
0,6,0,1,7,0.65,144,0.86,2708,4790,7498
0,4,1,1,7,0.66,165,0.77,639,3166,3805
1,1,0,1,7,0.68,168,0.80,2557,3486,6043
0,2,1,1,7,0.66,170,0.83,968,6248,7216
0,4,1,1,7,0.64,131,0.71,736,4232,4968
0,5,1,2,7,0.67,172,0.76,1065,4721,5786
0,4,1,1,7,0.65,153,0.85,1032,6414,7446
0,1,1,1,7,0.65,150,0.70,1139,5640,6779
0,6,0,2,7,0.68,176,0.77,1521,2773,4294
0,0,0,2,7,0.67,168,0.77,2282,2367,4649
0,3,1,1,7,0.65,163,0.85,975,6289,7264
0,3,1,1,7,0.67,168,0.86,1074,6506,7580
0,4,1,1,7,0.65,142,0.84,812,33380,4792
0,0,0,1,7,0.67,160,0.75,2006,3296,6302
0,4,1,1,7,0.65,152,0.86,1338,6267,7605
0,3,1,1,7,0.69,174,0.85,784,3845,4629
0,2,1,2,7,0.66,167,0.85,954,5336,6290
0,1,1,2,7,0.66,159,0.79,1017,5647,6664
0,1,1,1,7,0.66,155,0.86,1207,5676,6883
0,0,0,1,7,0.67,162,0.83,2153,4444,6597
0,2,1,1,7,0.67,168,0.70,880,4863,5743
0,5,1,1,7,0.65,140,0.90,1246,4116,5362
0,3,1,1,7,0.67,158,0.86,668,4026,4694
0,5,1,1,7,0.24,157,0.77,1483,5665,7148
0,5,1,1,7,0.66,157,0.78,969,4022,4991
0,3,1,1,7,0.65,145,0.84,1383,6790,8673
0,6,0,1,7,0.68,165,0.85,1729,3237,4966
0,2,1,1,7,0.69,176,0.76,867,5997,6864
0,2,1,1,7,0.68,169,0.83,1128,5656,6784
1,1,0,2,7,0.67,164,0.92,3065,2978,6043
0,0,0,1,7,0.66,154,0.87,2224,4374,6598
0,4,1,2,7,0.69,170,0.76,746,4044,4790
0,2,1,1,7,0.67,162,0.81,935,6105,7040
0,3,1,1,7,0.65,150,0.74,848,4377,5225
0,1,1,1,7,0.68,167,0.85,1040,6065,7105
0,3,1,2,7,0.68,166,0.86,467,3107,3574
0,6,0,1,7,0.65,153,0.82,2657,4801,7458
0,5,1,2,7,0.67,149,0.92,1511,5988,7499
0,3,1,1,7,0.69,171,0.83,661,3846,4507
1,1,0,1,7,0.67,169,0.87,1549,2549,4098
0,6,0,1,7,0.66,161,0.83,1988,3348,2336
0,2,1,2,7,0.70,170,0.88,1278,5995,7673
0,3,1,1,7,0.71,174,0.81,832,6280,7112
0,6,0,1,7,0.67,144,0.88,2204,2915,5119
0,1,1,1,7,0.69,169,0.86,1135,5831,6966
0,0,0,1,7,0.72,175,0.80,1298,2487,3785
0,1,1,1,7,0.72,176,0.91,568,3272,3840
0,0,0,1,7,0.67,148,0.85,2551,4340,6891
0,2,1,1,7,0.69,163,0.86,732,3916,4648
0,0,0,1,7,0.71,172,0.83,1920,4111,6031
0,1,1,1,7,0.70,165,0.78,841,3617,4458
0,3,1,1,7,0.69,163,0.85,748,3594,4342
0,2,1,1,7,0.70,159,0.87,1031,3634,4665
0,0,0,1,7,0.69,158,0.82,1743,3138,4881
0,4,1,1,7,0.68,142,0.83,921,5958,6179
0,3,1,2,8,0.71,167,0.89,1263,6271,7534
0,4,1,1,8,0.69,165,0.84,754,3838,4592
0,2,1,1,8,0.71,166,0.79,1140,6452,7592
0,4,1,1,8,0.71,166,0.87,983,6278,7261
0,1,1,2,8,0.71,165,0.87,1233,5780,7013
0,6,0,2,8,0.70,164,0.89,2352,3788,6140
0,5,1,1,8,0.70,161,0.86,815,3771,4586
0,4,1,1,8,0.70,162,0.84,1196,6090,7286
0,6,0,1,8,0.70,161,0.84,2234,4451,6685
0,1,1,1,8,0.73,164,0.72,723,3363,4086
0,1,1,1,8,0.72,165,0.84,1088,5742,6830
0,3,1,2,8,0.72,168,0.79,513,3461,3974
0,5,1,1,8,0.69,159,0.83,1433,5917,7350
0,6,0,1,8,0.69,160,0.84,1455,4232,5687
0,1,1,1,8,0.70,159,0.81,846,3480,4326
0,5,1,2,8,0.72,164,0.78,1328,5847,7115
0,3,1,1,8,0.68,142,0.80,884,3896,4780
0,3,1,1,8,0.75,171,0.89,644,3688,4332
0,0,0,1,8,0.73,165,0.71,1707,3757,5464
0,4,1,1,8,0.71,160,0.83,888,5703,6591
0,1,1,1,8,0.70,155,0.84,729,3537,4266
0,2,1,1,8,0.70,154,0.80,750,3840,4590
0,2,1,1,8,0.73,164,0.89,673,3309,3982
0,2,1,1,8,0.72,157,0.85,907,3695,4602
0,3,1,1,8,0.69,140,0.82,755,3901,4656
0,3,1,1,8,0.73,162,0.86,676,3725,4401
0,2,1,1,8,0.75,165,0.87,752,3789,4541
0,4,1,1,8,0.74,160,0.72,1036,5825,6861
0,5,1,1,8,0.72,157,0.82,964,4859,5823
10,4,1,1,8,0.74,158,0.82,606,3784,4390
0,2,1,1,8,0.70,149,0.87,1052,5608,6660
0,5,1,1,8,0.73,159,0.85,1259,5645,6904
0,1,1,1,8,0.70,145,0.80,904,5323,6227
0,3,1,1,8,0.72,159,0.89,872,5339,6911
0,2,1,1,8,0.71,149,0.79,801,4044,4845
1,3,0,1,8,0.73,154,0.87,2562,4841,7403
0,6,0,1,8,0.75,161,0.74,2345,4479,6824
0,3,1,1,8,0.75,158,0.86,799,4914,5713
0,2,1,1,8,0.74,156,0.80,662,3596,4258
0,6,0,1,8,0.73,147,0.83,1559,2916,4475
0,4,1,1,8,0.75,157,0.88,778,5127,5905
0,0,0,1,8,0.73,148,0.84,1524,2778,4302
0,4,1,2,8,0.76,157,0.85,563,3352,3915
0,4,1,2,8,0.83,169,0.78,632,3152,3784
0,0,0,1,8,0.75,152,0.83,1421,4110,5531
0,2,1,1,8,0.76,151,0.89,921,5865,6786
0,0,0,1,8,0.79,157,0.87,1203,3469,4672
0,4,1,1,8,0.76,146,0.81,1405,4836,6241
0,5,1,1,8,0.75,145,0.85,1366,4841,6207
0,0,0,1,8,0.79,155,0.83,1050,2556,7606
0,5,1,1,8,0.79,149,0.83,829,4634,5463
0,5,1,1,8,0.79,154,0.83,670,3176,3846
0,5,1,1,8,0.84,158,0.87,562,2825,3387
0,6,0,1,8,0.80,150,0.87,987,2298,3285
0,6,0,1,9,0.80,149,0.84,1448,3392,4840
