97.45 	691.56 	3177.47 	4635.61 	25489.35 	72641.03 	250230.85 	1485455.45 	1485172.77 	812.46 
101.76 	920.36 	15768.01 	3708.48 	280681.44 	30220.98 	6397722.85 	572076.30 	571978.86 	1185.68 
98.21 	894.76 	8824.03 	6182.06 	78489.57 	53157.32 	1615678.85 	1057980.51 	1058386.64 	894.41 
98.79 	694.00 	12996.11 	2672.94 	66489.37 	11927.44 	1028936.04 	109382.97 	60690.05 	995.97 
98.56 	702.45 	11696.53 	4707.07 	154598.09 	22076.09 	3363655.63 	405832.86 	118129.15 	908.55 
100.20 	710.93 	7633.63 	4769.92 	126277.46 	22329.44 	2703258.22 	119729.25 	216557.41 	1077.18 
101.48 	314.59 	8607.20 	2706.11 	110368.80 	12060.06 	1224102.61 	208988.72 	209097.89 	1198.11 
100.19 	519.65 	7371.93 	3373.74 	36023.50 	15317.51 	692681.86 	143554.87 	143564.01 	1045.43 
99.33 	898.74 	4053.46 	3572.39 	33303.55 	29029.92 	485494.01 	288341.61 	417792.16 	999.64 
100.62 	313.40 	14805.29 	1105.48 	261993.08 	7900.52 	4520830.22 	100341.02 	100317.12 	1120.31 
99.53 	900.85 	10014.96 	3619.53 	170371.34 	16553.33 	2844736.17 	86486.34 	226269.33 	998.51 
99.28 	696.88 	9779.69 	6666.33 	165895.02 	32169.52 	1898414.88 	467511.47 	612350.06 	975.70 
100.83 	921.30 	15022.06 	6404.52 	203493.66 	55282.89 	3444389.19 	841871.35 	1104399.19 	1134.36 
98.90 	705.51 	3845.15 	2734.49 	31471.18 	12178.17 	314866.36 	211286.27 	111900.65 	963.95 
101.30 	514.91 	8720.68 	1925.70 	111950.57 	14632.93 	1243055.62 	197701.83 	136646.12 	1213.37 
100.31 	706.58 	7481.50 	4740.00 	123458.07 	22292.34 	2009374.96 	410231.41 	119354.47 	1058.94 
100.84 	921.79 	4531.23 	6388.44 	70903.30 	30709.03 	759145.97 	581928.25 	582114.38 	1105.75 
101.39 	728.04 	12443.98 	2843.99 	114482.44 	12721.99 	1272970.17 	169385.23 	117330.77 	1208.89 
100.10 	710.16 	4379.69 	6805.26 	68296.02 	58993.78 	1058933.03 	1185125.46 	622129.42 	1075.08 
98.46 	888.31 	3606.49 	8784.80 	54970.49 	78216.72 	837038.04 	461143.36 	1609539.11 	903.12 
99.64 	300.68 	13322.28 	2545.01 	68441.01 	11214.45 	1392370.95 	147484.25 	147608.74 	1021.30 
99.21 	308.02 	13056.67 	1106.40 	174466.74 	7872.31 	2003503.66 	130679.18 	130698.77 	1002.86 
100.40 	904.65 	7500.25 	3628.45 	123876.50 	29485.39 	2017173.17 	161572.14 	425001.37 	1062.18 
99.49 	711.98 	4268.49 	6822.70 	50759.59 	59144.84 	767672.48 	341421.94 	906000.07 	1054.16 
101.12 	927.11 	11312.07 	3700.62 	148953.99 	17003.02 	1690750.48 	89047.18 	232975.96 	1111.76 
101.03 	708.69 	7992.77 	4754.23 	70393.94 	39797.15 	1435750.14 	406055.66 	223013.83 	1122.69 
99.50 	312.75 	4230.71 	1876.24 	19598.42 	14203.24 	188015.37 	132205.43 	191245.16 	1038.08 
99.37 	304.99 	10460.99 	2590.42 	178787.04 	20283.70 	2056998.26 	369951.39 	369928.04 	1039.56 
99.96 	709.47 	14187.97 	2753.23 	190938.42 	12277.64 	3216759.61 	213153.82 	62616.35 	1077.71 
100.16 	314.72 	11302.18 	1113.64 	57209.20 	4517.17 	601640.87 	54143.86 	70590.28 	1110.26 
99.01 	701.49 	3896.69 	2703.88 	18006.65 	12057.96 	324543.07 	61448.58 	209041.50 	974.37 
100.94 	920.73 	12109.07 	9134.78 	61580.15 	45413.42 	946871.34 	257265.30 	468419.94 	1182.96 
99.18 	894.84 	13436.14 	6220.09 	124546.44 	53543.38 	1394371.73 	1066703.28 	307178.42 	1028.33 
99.94 	914.61 	7346.23 	3681.29 	92626.59 	16822.46 	1933295.24 	230222.54 	230309.32 	1043.62 
100.28 	909.65 	10667.53 	3603.10 	139655.15 	16534.23 	1576837.97 	225817.98 	295580.37 	1057.61 
100.37 	718.82 	4259.45 	6922.17 	35280.93 	60092.86 	677393.69 	634578.14 	347423.57 	1047.95 
99.86 	914.79 	14181.43 	6363.27 	132025.99 	30722.58 	2836777.50 	582347.11 	444583.80 	1076.97 
99.27 	316.39 	6862.59 	1109.95 	33317.48 	4500.51 	636215.87 	21006.13 	37463.32 	981.70 
100.92 	317.45 	15758.40 	1909.44 	82009.13 	14497.72 	1694288.83 	255974.95 	195633.18 	1181.97 
99.54 	706.40 	7487.23 	4736.69 	65524.78 	22228.46 	1328143.21 	312392.70 	215659.36 	1057.11 
99.07 	900.19 	12877.80 	8884.96 	224709.59 	79095.98 	5035213.42 	1629332.99 	1629129.52 	989.06 
99.95 	517.60 	13706.44 	1959.92 	70633.72 	8468.41 	1098383.07 	141612.95 	75175.25 	1046.90 
99.49 	910.98 	9885.54 	9021.79 	128382.58 	80435.96 	1440262.51 	1264210.01 	1264613.97 	986.80 
98.06 	488.83 	3624.61 	3154.15 	29543.38 	25264.64 	293971.07 	470477.21 	247874.36 	905.75 
102.00 	310.75 	5045.09 	2661.50 	23732.72 	20974.83 	439202.68 	111857.98 	202288.27 	1233.18 
99.63 	307.45 	4073.80 	1093.98 	18880.38 	4478.83 	341893.23 	37186.34 	37266.89 	1003.55 
98.72 	889.27 	9056.13 	6189.06 	44977.94 	53249.46 	882277.18 	305164.14 	1060037.70 	912.03 
101.47 	726.78 	15541.75 	7001.51 	145931.80 	60850.66 	2407445.91 	352357.85 	643173.91 	1167.41 
99.56 	512.61 	14107.90 	3320.12 	248321.08 	15107.78 	4267510.64 	267703.19 	204689.22 	1074.36 
99.89 	703.52 	10268.08 	2752.54 	92786.45 	12227.23 	1476062.83 	112346.14 	162267.49 	1018.34 
101.18 	316.51 	12062.81 	1932.37 	159848.38 	14636.05 	1823899.59 	258601.87 	75629.63 	1179.38 
101.79 	309.37 	4917.96 	2632.74 	41272.45 	20716.02 	803627.50 	199606.32 	110318.60 	1195.93 
98.84 	894.27 	13019.22 	8861.43 	120297.40 	44021.54 	1343131.99 	453060.80 	657652.14 	998.36 
99.23 	893.02 	12334.58 	8820.20 	214350.97 	43639.72 	4785381.11 	651449.97 	246533.04 	954.54 
99.78 	309.82 	13482.40 	1859.56 	180678.27 	7975.15 	2080741.25 	39246.72 	70244.09 	1031.69 
98.63 	297.85 	9400.45 	1800.90 	158821.66 	13573.85 	3463426.72 	237992.17 	69747.60 	944.14 
101.67 	937.03 	8734.10 	6508.71 	77655.33 	31405.52 	1217410.50 	314016.38 	172989.94 	1214.54 
100.44 	503.71 	4628.38 	3255.75 	72517.87 	26199.53 	1129931.41 	489446.08 	489367.70 	1139.28 
100.48 	905.84 	7821.03 	6315.62 	68745.85 	30384.44 	1399391.48 	575479.71 	439336.16 	1102.34 
98.86 	891.02 	13204.38 	6171.18 	230904.39 	53033.16 	5185090.78 	1055512.96 	554584.53 	1013.25 
100.77 	714.10 	14348.41 	6850.31 	253123.61 	59537.48 	5724173.52 	1196717.64 	628329.08 	1089.18 
99.88 	913.01 	10951.18 	3648.60 	55261.52 	29659.37 	1103645.29 	162615.43 	162542.35 	1079.66 
100.71 	316.99 	4450.70 	1127.09 	53170.76 	4569.78 	1058541.17 	71481.85 	71518.50 	1100.71 
100.84 	305.46 	7688.57 	1070.91 	127354.23 	4336.32 	2728460.90 	20168.90 	20163.85 	1082.08 
101.66 	527.54 	12725.20 	4847.81 	169494.12 	40665.24 	1942750.16 	415735.23 	228227.10 	1232.92 
101.41 	932.07 	4753.41 	3748.12 	74769.93 	30658.87 	1168297.66 	168469.84 	305929.69 	1163.92 
100.39 	319.64 	8036.20 	1933.66 	102194.34 	14711.64 	1638461.01 	137449.60 	259997.07 	1122.71 
98.50 	503.03 	3956.14 	1893.66 	18274.28 	8154.63 	174094.75 	135752.24 	135766.16 	980.16 
98.85 	510.71 	6367.56 	1928.52 	103292.95 	8274.44 	2175174.97 	40754.47 	40866.38 	915.29 
99.96 	512.26 	14235.45 	1921.20 	191643.19 	8295.50 	3229539.84 	40821.10 	138338.84 	1081.61 
97.93 	302.72 	5985.68 	2557.13 	96530.25 	11372.33 	1540592.81 	196061.94 	149831.17 	863.89 
100.06 	310.38 	7979.87 	2638.74 	70316.51 	11736.41 	1092991.17 	59671.22 	155169.38 	1118.91 
99.32 	906.03 	6824.43 	8950.37 	33138.74 	44386.47 	332945.16 	663421.34 	457262.32 	975.68 
100.69 	913.18 	10944.44 	9065.32 	187910.59 	45107.94 	2170470.86 	675247.64 	885287.51 	1081.99 
100.28 	304.74 	14314.85 	1069.29 	133397.33 	4348.95 	2185028.67 	20298.47 	20242.70 	1087.60 
100.95 	514.26 	14746.85 	1925.22 	137861.43 	14573.45 	1555653.55 	196839.01 	75289.55 	1114.33 
100.09 	906.97 	4253.09 	6276.48 	19698.40 	53996.06 	188935.50 	565113.72 	565069.79 	1048.00 
98.97 	899.77 	9863.88 	6241.66 	88695.57 	30024.71 	1844503.39 	299128.85 	433479.16 	983.05 
100.01 	703.70 	14110.67 	6759.98 	131276.18 	58703.89 	2147117.19 	1178510.10 	898764.89 	1072.70 
99.81 	504.89 	7544.59 	1896.49 	36826.70 	8149.54 	541535.62 	103907.09 	103867.32 	1064.42 
101.71 	323.14 	16046.24 	1951.30 	83602.55 	14833.48 	1729951.53 	76739.38 	76836.89 	1201.38 
99.24 	510.73 	7009.02 	4693.78 	33978.76 	39164.79 	496100.73 	398964.84 	399107.82 	997.15 
99.90 	509.52 	14172.21 	1933.47 	131907.94 	8319.90 	1482829.59 	138845.26 	106244.13 	1075.52 
100.94 	710.03 	11989.88 	2775.25 	61066.05 	21906.42 	1230391.91 	307334.95 	212345.26 	1171.63 
101.02 	714.54 	14769.01 	2789.91 	261196.49 	22027.78 	3091760.90 	117861.41 	309309.33 	1117.33 
98.34 	888.60 	11457.75 	6169.52 	197641.84 	52954.44 	3338432.94 	1053625.71 	553431.09 	894.53 
99.24 	510.66 	6967.45 	1898.71 	60599.22 	14376.96 	930157.06 	74216.60 	193810.86 	990.35 
99.27 	902.80 	4023.69 	3615.55 	33135.72 	16564.08 	482832.12 	226276.89 	156531.73 	991.83 
100.94 	911.92 	11097.52 	6370.40 	100992.93 	30680.70 	1617211.28 	306238.77 	306205.73 	1093.31 
100.92 	310.98 	7945.09 	2644.17 	69983.92 	20844.84 	1426768.18 	201124.17 	291166.32 	1115.44 
98.90 	498.36 	12277.97 	1876.32 	163104.74 	14183.44 	3564096.75 	131972.12 	132057.71 	950.08 
99.94 	518.31 	7251.97 	3342.16 	35389.10 	15219.38 	518697.99 	269963.86 	142601.39 	1030.41 
100.08 	308.90 	13586.49 	1867.44 	69835.55 	8036.88 	746452.06 	102211.54 	39509.63 	1039.31 
100.43 	307.99 	14451.25 	1086.02 	74724.25 	7723.71 	1531485.57 	97809.87 	37927.82 	1094.33 
99.89 	509.17 	4456.56 	1888.56 	69609.31 	8110.55 	1418392.59 	103282.88 	39907.28 	1092.28 
100.21 	315.50 	7633.00 	1925.67 	37358.20 	8269.06 	379294.30 	137901.73 	40730.36 	1078.03 
100.45 	923.41 	4553.69 	3669.82 	71251.11 	29838.12 	1454418.25 	564033.50 	163443.63 	1112.72 
99.11 	305.74 	3982.64 	2604.87 	18430.60 	11556.83 	175664.49 	152427.53 	152616.12 	984.55 
98.98 	297.02 	9871.33 	2527.61 	128323.46 	19770.23 	1439912.62 	104802.75 	274742.93 	984.92 
101.49 	324.24 	5053.79 	1162.39 	23790.29 	8341.40 	336146.88 	41067.90 	41226.69 	1220.64 
99.71 	709.20 	7548.76 	6801.09 	95509.36 	58981.86 	1998356.32 	622011.80 	903217.31 	1065.96 
99.04 	504.89 	10370.28 	3244.10 	52103.67 	26084.61 	789581.21 	486932.85 	141411.10 	1027.74 
100.64 	313.79 	8239.37 	1887.05 	137444.88 	14286.11 	1550171.44 	73808.75 	73782.50 	1149.91 
98.43 	702.45 	9859.16 	2708.46 	49308.81 	21343.48 	743721.73 	391128.05 	391169.84 	985.25 
99.34 	299.53 	12810.35 	1807.05 	223482.56 	7730.98 	5006106.49 	67871.07 	37865.37 	985.78 
101.88 	309.29 	5073.11 	1088.76 	61523.80 	7738.27 	650847.66 	128263.66 	37938.91 	1233.44 
100.44 	920.41 	14075.25 	3648.72 	130984.39 	16730.15 	1472241.36 	299439.11 	299496.27 	1070.31 
100.41 	515.57 	4665.89 	3324.21 	21795.22 	15072.68 	400082.81 	141100.06 	204193.34 	1146.81 
101.34 	324.56 	11728.67 	1978.16 	59462.96 	15048.45 	627730.13 	78137.11 	203705.31 	1150.42 
99.14 	498.74 	4052.18 	3219.18 	33357.06 	14511.43 	486087.47 	135421.38 	256145.09 	1008.35 
99.50 	513.31 	4140.98 	1939.86 	64091.04 	8368.16 	1296518.98 	139783.77 	139733.18 	1029.45 
99.64 	305.32 	13652.70 	1097.31 	239633.57 	4473.32 	5396584.38 	69807.60 	20867.38 	1043.87 
101.49 	512.79 	8345.89 	1923.39 	73977.21 	8256.31 	1515143.77 	105372.51 	73111.88 	1164.21 
99.64 	713.05 	10554.70 	4822.95 	95569.28 	22678.84 	1523933.79 	121673.12 	121756.55 	1047.89 
99.93 	314.06 	13368.68 	2699.50 	178952.37 	21324.95 	3939104.54 	390642.34 	390666.53 	1021.72 
99.65 	302.63 	4298.49 	1813.27 	35595.03 	7780.05 	683855.71 	68331.59 	68370.82 	1066.14 
99.69 	899.42 	13229.31 	6243.83 	176857.11 	53674.07 	2961510.59 	561749.10 	815540.22 	1011.40 
99.64 	308.31 	10667.30 	2625.36 	182640.80 	20656.26 	2105327.46 	288090.61 	199188.48 	1058.03 
99.63 	311.27 	4086.62 	2666.78 	48468.37 	20966.91 	730155.63 	383522.65 	202464.95 	1017.92 
101.45 	927.03 	4821.93 	9226.22 	58183.41 	82507.24 	613099.92 	894245.96 	488402.88 	1181.11 
100.03 	301.10 	7273.37 	1810.71 	35438.41 	7774.74 	357928.16 	98647.40 	98690.70 	1027.48 
100.15 	517.76 	13581.50 	1957.55 	125889.15 	14873.00 	1410491.84 	263183.82 	77171.79 	1037.99 
99.31 	512.01 	3932.20 	3304.50 	32293.74 	26651.18 	469496.35 	144713.64 	380769.18 	978.85 
100.79 	316.16 	11958.76 	2712.10 	207054.35 	21368.08 	4610052.60 	299056.57 	391671.11 	1168.53 
100.24 	908.86 	11305.35 	9024.71 	102992.74 	44860.80 	1135568.44 	671228.38 	253676.50 	1112.26 
99.35 	713.78 	9855.43 	4815.23 	88685.39 	22657.82 	1844214.73 	220225.61 	318932.71 	983.35 
98.73 	692.54 	6638.18 	6643.96 	82887.81 	32196.32 	898450.73 	322658.62 	177596.64 	953.18 
98.29 	491.65 	6135.01 	3144.51 	99202.68 	14244.55 	1586348.17 	251005.72 	73630.03 	886.47 
100.02 	704.73 	14375.92 	6767.65 	253507.06 	32788.06 	5734222.02 	329098.01 	625241.28 	1088.64 
100.13 	314.48 	4272.55 	2693.82 	35377.07 	12010.75 	679241.96 	110064.47 	159056.78 	1047.44 
100.06 	702.58 	7782.70 	6724.05 	98702.83 	32592.09 	1577930.29 	621109.66 	621044.81 	1090.97 
100.77 	317.16 	7911.22 	1929.36 	131369.32 	14620.54 	2148826.93 	75518.63 	197378.19 	1114.79 
101.40 	317.85 	11746.27 	1916.99 	107399.72 	8271.24 	1728394.59 	40792.70 	40733.13 	1151.47 
100.40 	503.50 	7823.60 	3230.90 	129676.94 	25912.13 	2118894.25 	254711.09 	483657.11 	1100.19 
98.63 	501.22 	12284.23 	1854.73 	62538.51 	13990.67 	962662.59 	72192.16 	246200.46 	950.37 
98.60 	887.96 	6837.88 	6125.84 	59440.71 	29362.01 	911054.01 	160820.96 	160655.28 	974.48 
99.91 	311.03 	7777.37 	2648.54 	128948.76 	11785.95 	2106355.81 	107848.96 	155932.13 	1092.78 
98.92 	507.01 	3914.98 	1920.52 	32054.18 	8254.54 	320933.44 	137605.64 	72920.05 	979.41 
100.95 	311.98 	4709.53 	1886.70 	73963.14 	14285.95 	794358.82 	251740.84 	133177.48 	1156.62 
101.14 	507.36 	7984.83 	1908.52 	101609.55 	8210.43 	2136874.89 	136859.11 	136854.89 	1124.01 
100.47 	714.35 	15162.71 	6864.98 	205576.82 	33357.71 	2390691.26 	636947.39 	486258.93 	1145.21 
99.20 	297.48 	13315.99 	1778.37 	233212.67 	13394.50 	3989070.23 	68792.65 	68772.65 	1020.01 
99.82 	909.05 	4166.07 	6303.35 	49508.85 	30339.50 	746937.85 	574395.36 	574542.82 	1032.33 
100.44 	509.74 	4486.88 	3306.97 	20930.39 	26690.21 	292486.02 	381406.63 	381250.04 	1106.71 
100.51 	719.73 	11628.07 	6892.93 	59045.04 	33441.82 	622515.93 	638733.35 	336107.26 	1137.24 
101.37 	322.80 	12449.91 	1159.44 	165468.49 	8277.55 	2756699.78 	73169.95 	105700.32 	1208.41 
101.68 	516.22 	4910.08 	1940.71 	41248.53 	14768.95 	612760.60 	199511.92 	261287.28 	1196.85 
98.83 	708.91 	12154.48 	2737.90 	111605.25 	21600.69 	1238943.26 	396127.62 	302597.56 	939.63 
98.82 	897.60 	6819.17 	6204.97 	111450.64 	29774.31 	1799244.60 	163212.72 	163172.99 	970.51 
100.07 	907.79 	10253.72 	3607.71 	51486.28 	29284.89 	779604.06 	421829.22 	421821.13 	1018.10 
99.06 	494.66 	13257.38 	3191.21 	231947.68 	25598.18 	3965521.00 	138649.67 	364274.81 	1016.59 
101.51 	305.90 	12615.04 	2593.31 	219609.42 	20358.26 	2566575.41 	283766.71 	283714.12 	1228.49 
99.17 	696.27 	10072.37 	4677.25 	131187.33 	39115.99 	1474088.08 	757809.98 	578314.54 	1003.87 
98.27 	303.25 	12156.40 	1836.72 	61996.56 	7894.18 	953796.70 	38749.40 	38684.98 	940.39 
101.22 	526.32 	8325.26 	4847.60 	106364.77 	22766.99 	1710837.99 	419793.88 	122119.75 	1165.01 
99.40 	706.89 	12582.00 	4748.26 	167403.48 	22286.00 	3665808.03 	216172.15 	313246.46 	970.39 
101.27 	521.28 	8095.54 	3393.71 	134730.95 	15474.64 	2208566.96 	210091.93 	210043.38 	1137.00 
102.26 	311.74 	13099.36 	1090.74 	174940.89 	7749.92 	2926812.71 	68123.91 	98315.14 	1269.94 
100.95 	505.97 	4801.30 	3269.51 	57942.53 	14863.47 	1162013.01 	77034.26 	139013.91 	1167.91 
99.90 	700.26 	10297.54 	4695.58 	175770.76 	21957.03 	3864091.80 	308104.01 	212837.62 	1024.91 
99.60 	509.25 	10322.49 	3290.07 	51795.32 	14896.03 	540493.34 	263659.52 	77132.38 	1028.05 
100.80 	511.78 	4415.55 	1909.26 	20547.77 	8196.25 	286613.56 	40279.05 	104577.90 	1087.99 
98.00 	887.53 	11189.61 	3510.25 	101877.62 	28428.97 	1122434.76 	281857.82 	155255.49 	872.23 
99.15 	904.09 	6676.33 	6295.81 	83319.47 	30287.30 	1723735.86 	437587.94 	166095.24 	956.06 
100.40 	918.54 	14580.40 	3698.80 	136140.93 	30094.85 	2932465.32 	434572.28 	165196.65 	1104.84 
99.30 	298.38 	9608.76 	2528.17 	124511.01 	11198.79 	2027828.77 	56607.71 	192683.22 	962.76 
97.68 	496.43 	3360.16 	3187.36 	15217.99 	25567.87 	269996.97 	251246.46 	138307.48 	854.22 
100.04 	510.76 	4462.90 	1919.40 	20877.07 	8275.35 	201361.92 	138101.89 	105592.74 	1090.83 
99.61 	909.71 	4053.25 	6295.30 	33397.11 	54270.51 	486928.31 	568607.22 	1082444.80 	1006.01 
100.28 	316.09 	13776.31 	1898.61 	127925.65 	14386.49 	2741299.83 	74357.65 	253853.47 	1051.61 
100.47 	919.74 	8133.79 	3658.04 	103673.19 	16801.45 	2184218.39 	87933.75 	300954.48 	1141.40 
98.94 	702.43 	9732.15 	2703.76 	48581.93 	21280.15 	959712.41 	205603.62 	389935.58 	971.50 
100.02 	716.03 	13488.96 	4810.07 	236486.91 	22582.12 	5320179.30 	317546.02 	219337.32 	1030.77 
99.87 	905.73 	4195.90 	3595.58 	49924.23 	16493.73 	988525.25 	294936.60 	155733.63 	1043.47 
100.20 	916.90 	7498.73 	3637.85 	94678.64 	29566.32 	1508684.14 	426321.04 	426393.62 	1059.60 
101.85 	718.35 	15859.73 	6914.73 	282566.56 	60067.46 	6444622.55 	347468.04 	921278.99 	1191.37 
101.52 	923.46 	11748.68 	9190.76 	155398.49 	82081.49 	3383035.77 	1292412.77 	1292718.07 	1152.22 
100.94 	319.60 	14687.71 	2747.48 	137323.84 	21682.20 	1548909.27 	397754.73 	397839.72 	1111.53 
101.54 	924.90 	15247.41 	6454.91 	270407.12 	55745.23 	6146402.50 	1114512.25 	320720.36 	1147.79 
99.54 	502.28 	7270.66 	4596.01 	91542.61 	38347.11 	1908797.45 	214282.24 	565709.60 	1029.41 
97.34 	678.03 	3153.30 	4523.87 	36362.28 	21144.20 	368407.95 	387041.59 	295502.76 	803.11 
99.53 	306.81 	13319.40 	2610.67 	178149.41 	20546.39 	2984796.19 	197844.20 	109234.44 	1018.32 
99.05 	909.26 	12752.88 	6324.04 	117621.23 	30411.86 	1311075.75 	575906.76 	166935.74 	981.60 
99.76 	318.19 	10489.16 	1938.11 	179282.85 	14726.97 	3947080.86 	76303.67 	76335.69 	1041.00 
101.74 	310.31 	5151.93 	1086.85 	43494.66 	7695.19 	850650.64 	127345.46 	127416.55 	1245.97 
100.39 	709.06 	4350.45 	2766.74 	51859.25 	12342.56 	785665.16 	214349.62 	214378.68 	1065.72 
99.89 	715.86 	4105.57 	4848.66 	33813.16 	40613.70 	340450.50 	415227.41 	228107.58 	1013.96 
100.01 	900.97 	4189.12 	8934.70 	19405.56 	44329.69 	185883.41 	250422.76 	250326.92 	1038.44 
99.94 	717.65 	4255.76 	6885.94 	50614.64 	59897.41 	765178.58 	918591.29 	918839.32 	1057.27 
99.71 	512.75 	4220.23 	4706.37 	19608.29 	22057.77 	356419.98 	213955.77 	405546.67 	1047.28 
99.52 	317.70 	3977.64 	1937.63 	47022.94 	14698.75 	706298.76 	198637.99 	198517.82 	993.99 
99.08 	893.78 	6861.05 	3574.46 	85898.86 	28976.79 	933756.98 	546410.11 	546316.74 	979.07 
98.77 	702.99 	3992.24 	2734.30 	47230.51 	12141.95 	709920.67 	61865.35 	111451.17 	986.38 
98.84 	301.05 	3906.68 	2568.55 	17980.92 	11342.37 	171157.14 	57394.92 	57491.68 	972.65 
98.70 	893.23 	3640.55 	8828.67 	42600.74 	78580.10 	634636.21 	463460.54 	463409.11 	915.55 
100.58 	912.00 	15262.93 	3620.78 	143100.84 	29463.69 	1619251.47 	161291.03 	161375.16 	1149.33 
100.05 	511.33 	4344.19 	4706.45 	51761.46 	39335.43 	1028132.40 	401012.80 	220373.85 	1072.20 
101.33 	517.86 	16016.98 	4759.24 	83575.66 	22307.96 	1317757.03 	410331.68 	216420.42 	1201.30 
99.45 	701.81 	3994.84 	2720.94 	18467.09 	21507.07 	255092.50 	208067.71 	301074.82 	992.52 
100.61 	310.27 	15075.41 	1878.67 	204254.70 	8072.27 	3458303.04 	71259.37 	134257.71 	1135.39 
98.86 	892.60 	9561.01 	6190.37 	123886.73 	29747.15 	1386326.34 	296069.63 	163074.28 	958.05 
101.95 	734.27 	5228.12 	7054.91 	83058.19 	34357.26 	900340.82 	502204.98 	502040.06 	1264.17 
102.76 	320.62 	9442.38 	1930.87 	122239.24 	8356.94 	2610345.16 	139528.91 	74085.19 	1301.48 
101.29 	719.13 	11989.74 	4854.29 	158728.45 	22885.20 	2635227.10 	222433.60 	222500.31 	1168.44 
99.69 	699.91 	13011.40 	4697.36 	227165.13 	39251.54 	3878115.64 	219581.25 	580386.52 	998.64 
98.39 	691.92 	3715.63 	2661.15 	43542.72 	11791.26 	447895.13 	155936.52 	203943.03 	927.57 
101.66 	525.83 	15926.05 	1968.99 	216738.61 	15011.22 	3686508.34 	77878.17 	77716.15 	1195.23 
100.50 	907.33 	11231.67 	9010.32 	102228.56 	44744.84 	1127021.89 	669210.10 	669207.93 	1102.64 
98.38 	508.02 	3781.04 	1885.75 	44484.84 	14283.98 	665098.99 	192514.85 	73728.45 	937.70 
100.75 	914.86 	4598.00 	9080.52 	55199.98 	81032.08 	579061.05 	1672343.62 	877063.60 	1133.90 
100.43 	719.30 	7634.21 	6904.35 	126324.29 	60033.09 	1415768.18 	920681.79 	920780.60 	1073.36 
99.59 	310.29 	7315.03 	1090.91 	120490.95 	7732.56 	1957593.43 	98060.03 	37813.39 	1035.56 
100.78 	721.13 	4557.25 	4850.01 	37959.32 	22838.35 	559461.58 	122516.53 	321477.38 	1122.35 
100.05 	703.86 	10802.80 	2745.41 	141699.41 	21643.13 	3061783.52 	209413.45 	209449.18 	1065.60 
100.09 	715.39 	7206.82 	4803.03 	35096.32 	22604.86 	514016.38 	121153.44 	121202.84 	1022.40 
101.12 	921.68 	11941.40 	3665.16 	109470.42 	16842.44 	1213136.86 	159449.51 	159229.24 	1164.29 
99.65 	500.90 	13641.22 	3222.92 	70093.05 	25894.52 	1089140.28 	483036.19 	140210.29 	1042.41 
100.79 	523.30 	7691.77 	4795.17 	97533.85 	22502.63 	1557953.40 	414498.78 	316543.99 	1081.09 
101.30 	922.52 	16098.40 	6412.20 	287235.19 	30839.23 	6559328.84 	169582.89 	584868.67 	1203.60 
99.26 	498.54 	10296.22 	3227.17 	134427.75 	25920.97 	1513489.06 	140612.17 	140584.86 	1023.83 
100.55 	913.07 	4395.35 	6323.02 	68520.77 	54400.51 	1394026.79 	827556.45 	569792.64 	1082.73 
100.65 	508.22 	14395.75 	4656.23 	74321.85 	21809.06 	798665.34 	211304.66 	116675.81 	1091.11 
99.90 	902.73 	4363.07 	3584.03 	20287.56 	16416.41 	369923.64 	293464.68 	224081.22 	1071.73 
99.88 	906.80 	4109.64 	8990.04 	48716.62 	80157.36 	962505.81 	1259605.13 	1259621.43 	1015.39 
100.03 	508.90 	4524.00 	1899.41 	37636.36 	14399.03 	726624.66 	194218.76 	74336.37 	1110.65 
99.70 	704.30 	10661.62 	4742.11 	139504.75 	22241.29 	3010702.85 	312360.65 	215615.59 	1053.73 
100.72 	710.57 	15160.24 	6797.48 	141938.44 	58922.66 	3067679.41 	1183455.35 	902407.98 	1144.22 
99.96 	712.52 	7415.19 	2795.56 	36200.39 	12510.92 	696446.50 	63856.84 	115145.09 	1044.61 
100.95 	516.00 	8232.25 	1934.32 	137345.07 	14672.15 	2254533.03 	198168.17 	198157.68 	1153.77 
101.15 	718.06 	8203.49 	4839.27 	72467.68 	22726.75 	1129317.65 	220867.79 	220916.37 	1148.11 
99.65 	510.10 	13333.41 	4657.33 	233533.81 	38843.27 	3995286.00 	217480.22 	751992.66 	1020.80 
99.06 	903.15 	12486.26 	3576.06 	114825.94 	16305.39 	2439355.53 	153767.70 	291080.92 	964.36 
100.87 	313.70 	11425.97 	1108.21 	104339.48 	7902.66 	1151651.33 	100371.18 	38799.26 	1121.00 
99.35 	699.57 	6808.13 	4723.67 	85113.37 	39563.44 	924406.11 	221467.01 	767255.72 	974.82 
100.69 	706.88 	8386.47 	6771.61 	41390.69 	58686.88 	615084.32 	1178472.31 	338591.94 	1171.15 
99.55 	512.22 	10213.04 	1915.17 	133189.34 	8234.07 	2180969.82 	104973.11 	104968.42 	1018.50 
99.79 	311.31 	10916.45 	1895.70 	55189.29 	8152.76 	840549.87 	103841.35 	40212.55 	1078.33 
98.64 	697.20 	3660.13 	6675.07 	29853.51 	32322.16 	297334.06 	324141.67 	615580.64 	918.09 
99.56 	312.74 	13452.93 	2656.70 	180093.25 	11854.17 	2073858.57 	60330.71 	156770.50 	1026.99 
98.67 	898.77 	6543.16 	3573.16 	31592.07 	16307.29 	600383.51 	291204.34 	222562.60 	939.76 
100.17 	701.55 	7297.88 	6721.47 	91911.58 	32595.53 	1004759.83 	326854.73 	621371.91 	1036.81 
99.96 	905.34 	10764.10 	8964.28 	184474.16 	44489.31 	3099562.10 	458270.50 	665135.68 	1065.55 
99.40 	712.47 	3941.75 	6834.89 	46513.17 	33118.76 	480875.52 	332565.28 	632196.60 	974.15 
99.59 	899.15 	12943.62 	6238.10 	225888.57 	53628.32 	5063802.32 	814830.32 	560890.41 	993.46 
101.68 	528.26 	16437.29 	4856.33 	155249.49 	22863.73 	3379514.11 	421589.40 	122595.39 	1226.58 
100.21 	303.47 	4561.96 	2583.77 	71391.57 	11494.74 	764795.22 	151611.76 	198209.46 	1125.32 
100.04 	905.14 	4199.70 	3616.55 	19451.00 	16586.95 	353245.00 	226634.68 	156669.82 	1034.41 
100.29 	315.27 	4271.24 	2691.20 	50909.60 	11948.71 	1009519.36 	158234.48 	109498.65 	1049.63 
100.33 	721.61 	13924.80 	6914.88 	71800.33 	60097.94 	1118130.47 	634809.04 	634762.48 	1060.49 
99.09 	311.05 	12754.88 	1092.51 	170037.36 	7797.43 	3727925.83 	38275.07 	129242.05 	981.60 
101.10 	717.46 	4530.42 	6869.95 	70828.14 	33262.04 	1101949.88 	634992.30 	334270.15 	1112.11 
99.79 	516.51 	7423.44 	3322.99 	36165.99 	26746.08 	365949.55 	145464.70 	500625.26 	1048.90 
101.31 	315.84 	15673.90 	1898.08 	278715.43 	8126.26 	6349498.96 	135236.06 	103470.95 	1179.57 
99.88 	507.44 	7526.57 	1903.96 	124343.77 	14475.48 	2025291.78 	74734.42 	255540.89 	1065.13 
100.35 	302.32 	13884.93 	1820.62 	186614.14 	13719.92 	3138232.08 	127409.25 	240797.68 	1058.54 
99.84 	301.90 	4495.52 	1826.61 	20936.31 	13774.32 	202130.23 	241976.93 	70880.96 	1102.64 
100.59 	506.17 	4262.08 	4623.05 	19746.95 	21643.49 	359243.49 	303358.04 	115499.74 	1058.05 
101.10 	523.56 	15180.89 	4810.47 	78662.43 	40326.36 	1234388.98 	783605.94 	226405.09 	1146.19 
100.40 	519.43 	7427.26 	4772.54 	122552.69 	22361.34 	1370203.71 	217044.69 	314401.09 	1047.56 
100.03 	301.29 	10938.45 	1806.49 	187798.76 	13633.45 	2169052.97 	70054.68 	126398.46 	1080.24 
99.80 	908.92 	13494.10 	3656.74 	180853.96 	16741.48 	3033619.76 	228882.99 	158268.69 	1032.68 
98.21 	690.40 	11435.93 	2660.73 	57872.39 	11783.53 	609251.36 	107927.30 	155770.67 	891.46 
100.26 	503.45 	10985.02 	4607.04 	188667.86 	38408.29 	2180203.21 	566901.43 	390896.72 	1085.24 
100.80 	315.15 	7705.40 	1892.50 	37680.69 	14320.43 	727678.26 	192950.44 	133352.53 	1086.08 
101.19 	518.81 	11543.48 	4749.31 	105431.11 	39676.57 	1694755.57 	587138.82 	769685.35 	1129.90 
100.20 	707.37 	4563.61 	2758.27 	38008.72 	21808.65 	734427.16 	116712.47 	400350.74 	1117.44 
99.10 	710.34 	9785.53 	6824.46 	126966.97 	33006.38 	1423398.79 	182196.18 	182500.71 	978.99 
99.16 	905.27 	9546.57 	6270.70 	123718.22 	30135.06 	1384030.00 	300164.64 	435197.41 	958.23 
99.21 	902.78 	3969.06 	8935.35 	32609.25 	44325.39 	621383.28 	456473.59 	250592.73 	986.46 
99.30 	893.07 	4139.93 	8803.41 	49168.82 	43640.23 	972294.39 	853774.42 	853670.22 	1030.17 
100.49 	711.73 	7896.60 	2750.07 	100388.25 	21730.59 	1606846.28 	304743.19 	304480.46 	1106.39 
100.42 	920.28 	4480.02 	3660.31 	20856.95 	29799.77 	201036.59 	296637.82 	563278.34 	1099.05 
100.91 	520.57 	4403.51 	1978.84 	36609.68 	15106.76 	371071.46 	267688.08 	78421.65 	1090.55 
99.32 	503.45 	13921.89 	4600.67 	187089.24 	38427.60 	3146315.88 	391063.02 	567306.73 	1060.26 
98.26 	700.78 	12321.33 	2733.65 	113274.12 	12190.39 	1258767.17 	111822.34 	111946.86 	950.61 
101.21 	710.51 	4962.46 	6833.13 	23331.45 	33117.17 	329277.04 	632025.48 	632124.07 	1204.04 
99.20 	306.24 	3832.32 	1855.25 	17604.06 	13998.31 	241879.00 	246239.20 	246283.31 	954.26 
97.63 	887.67 	5918.40 	8758.13 	50694.10 	43307.21 	1005033.68 	244312.13 	645858.11 	855.47 
98.68 	701.78 	3762.77 	2703.30 	17316.28 	21277.97 	310949.40 	205667.65 	389663.11 	933.12 
99.36 	894.60 	7325.83 	6207.96 	35807.80 	53322.04 	362308.51 	557839.31 	305603.07 	1037.01 
101.24 	311.36 	16178.90 	2663.81 	152494.66 	20925.48 	2523814.70 	292320.62 	202025.60 	1210.56 
99.56 	304.60 	4158.20 	2581.77 	64466.22 	20213.96 	1304859.60 	107501.52 	281439.49 	1032.63 
99.14 	893.98 	9873.47 	6171.18 	88896.62 	53067.15 	969120.74 	1056184.56 	554756.99 	987.71 
99.88 	504.91 	14355.72 	1893.57 	74235.74 	8116.39 	1521000.76 	71581.31 	135104.21 	1090.71 
100.52 	920.17 	14251.13 	3652.64 	73498.41 	16744.01 	1504469.72 	158426.05 	158353.93 	1082.76 
101.06 	506.32 	14996.09 	1879.71 	140432.45 	8103.27 	1586742.65 	103177.30 	71545.79 	1130.25 
100.48 	314.48 	15366.68 	1127.63 	272721.22 	4582.37 	3237962.50 	54947.42 	21429.52 	1158.57 
99.04 	892.24 	4048.53 	3535.42 	33300.77 	16141.53 	485296.28 	219975.92 	287947.26 	998.72 
101.73 	724.19 	16149.41 	4915.14 	220146.71 	23076.50 	2572972.77 	124035.92 	325137.60 	1209.62 
98.81 	297.82 	9311.40 	2536.45 	157303.47 	19844.35 	1792749.72 	361082.53 	275903.17 	934.96 
99.31 	906.92 	6828.66 	8988.06 	59354.49 	80077.18 	909756.27 	473035.74 	1258387.52 	971.68 
99.48 	303.66 	12944.64 	1834.39 	226025.42 	7853.91 	2646720.71 	38490.04 	38605.41 	995.98 
97.97 	686.59 	8401.47 	6561.69 	140392.02 	31641.48 	3031018.69 	458936.53 	458924.78 	855.29 
99.11 	512.38 	13193.46 	4714.76 	176281.05 	39377.69 	2026266.65 	763407.49 	582229.70 	1012.65 
101.33 	524.36 	4927.55 	3389.72 	59559.07 	15413.88 	628416.33 	209253.66 	273861.43 	1196.77 
99.48 	511.90 	6887.22 	3320.69 	86250.98 	15097.47 	1789599.70 	141369.83 	78358.52 	981.52 
101.14 	931.32 	14748.85 	3736.84 	76441.84 	17166.23 	823159.46 	162794.87 	308073.16 	1117.44 
99.34 	301.81 	13334.06 	1055.51 	123394.77 	7470.00 	1380000.96 	65492.11 	36545.05 	1020.36 
98.53 	697.43 	9566.98 	2726.54 	47785.74 	12181.81 	495380.52 	62048.84 	211418.57 	960.33 
102.38 	527.87 	16377.28 	4855.25 	292507.27 	22810.36 	5090109.01 	420507.60 	221694.18 	1224.94 
99.32 	508.71 	13159.36 	1919.66 	67560.57 	14550.74 	1046516.89 	75254.04 	135741.44 	1007.28 
101.87 	321.38 	4881.20 	1943.86 	22987.79 	8363.46 	424124.24 	74102.68 	106815.34 	1184.86 
99.79 	301.65 	13260.01 	2556.05 	177444.09 	11327.72 	3903211.25 	103208.37 	103323.42 	1014.64 
101.92 	924.23 	5227.92 	6447.60 	63589.00 	55703.48 	980321.38 	320262.41 	584662.38 	1259.15 
98.77 	896.24 	6662.88 	8893.35 	83108.84 	79228.48 	901388.18 	1243664.95 	1632195.42 	955.48 
100.67 	919.91 	4517.23 	6397.27 	21049.55 	55188.38 	385214.85 	1102395.17 	317118.22 	1115.96 
99.49 	314.02 	7100.17 	1128.42 	89287.10 	8080.77 	1857708.23 	102808.20 	39709.46 	1008.74 
100.44 	722.80 	4408.55 	4877.32 	20546.19 	40985.28 	375035.34 	608331.61 	230233.84 	1091.31 
99.78 	899.15 	10163.05 	8869.83 	50902.88 	79046.03 	530163.69 	853903.39 	466472.11 	1009.66 
99.87 	316.46 	10865.36 	1912.95 	142476.18 	14479.97 	3080016.16 	135109.63 	74774.69 	1072.21 
100.18 	316.66 	4437.91 	1134.67 	53007.30 	8084.80 	554211.95 	134470.05 	71419.52 	1087.33 
100.54 	924.55 	4630.47 	9185.86 	55654.75 	82075.66 	848253.39 	1292474.88 	1695742.28 	1140.65 
98.37 	693.23 	11733.73 	4675.54 	59600.19 	21846.84 	1198110.85 	401226.14 	211709.46 	910.30 
99.34 	507.42 	7332.05 	1922.06 	92481.47 	8261.04 	1011116.86 	137747.52 	40660.08 	1037.37 
99.88 	718.29 	7216.52 	6902.61 	35131.62 	33493.09 	514574.10 	488299.03 	639832.14 	1022.06 
100.88 	925.02 	4625.13 	6442.72 	21664.49 	31103.42 	397565.91 	590396.64 	450481.02 	1136.61 
98.55 	896.90 	3778.53 	3603.53 	17331.84 	29335.43 	311294.00 	160460.70 	553870.06 	936.59 
101.94 	729.90 	9352.77 	4935.32 	83730.37 	41396.03 	908181.32 	232788.13 	806140.75 	1286.79 
99.05 	900.16 	10228.21 	8908.79 	174471.97 	44230.53 	2003547.04 	249983.86 	455217.58 	1019.12 
100.25 	913.76 	13783.22 	9037.37 	242092.59 	44880.00 	2849592.52 	671254.42 	671512.14 	1048.83 
99.48 	298.56 	7289.40 	2516.32 	119934.17 	19694.21 	1338889.45 	358147.79 	104375.62 	1034.84 
100.94 	920.27 	8364.80 	9131.33 	74002.14 	45456.53 	1515453.43 	468936.21 	257189.50 	1167.78 
100.10 	714.46 	14443.62 	4804.89 	74732.56 	40240.03 	1531853.09 	596492.36 	596466.91 	1095.54 
100.90 	512.76 	8438.25 	4726.64 	107900.09 	39508.21 	1194489.18 	584651.40 	766300.27 	1176.43 
98.45 	884.54 	12065.26 	6137.48 	209184.52 	52777.71 	3548177.56 	551475.92 	302317.56 	936.12 
101.03 	512.35 	14793.13 	4702.51 	199859.83 	39247.95 	2319022.99 	760829.10 	760491.10 	1118.37 
100.19 	506.46 	13725.97 	4640.28 	184233.26 	38684.23 	2125049.57 	571346.24 	393879.83 	1048.42 
99.49 	704.12 	4060.64 	6770.92 	33395.19 	32739.98 	486747.58 	476404.92 	180875.28 	1011.41 
99.33 	314.89 	9688.58 	1921.30 	48314.92 	8284.66 	953763.03 	138205.71 	40915.41 	967.77 
99.09 	494.81 	9677.36 	4513.57 	125507.95 	37510.76 	1405789.89 	380949.67 	380922.90 	970.86 
98.68 	296.56 	4037.63 	1059.14 	33179.69 	4302.24 	333455.75 	35661.89 	51264.29 	995.95 
99.02 	696.48 	6977.51 	4694.21 	33855.15 	39227.98 	493970.18 	580130.77 	219622.45 	992.09 
100.13 	302.70 	14492.94 	1808.41 	74951.40 	7757.70 	1171443.54 	128630.27 	68232.86 	1100.11 
99.79 	305.21 	4353.58 	2607.72 	67779.78 	20483.76 	722906.18 	373841.82 	373915.80 	1068.12 
101.15 	725.28 	4652.17 	6958.59 	21787.76 	60521.78 	305455.71 	928791.93 	1218555.48 	1133.60 
99.18 	495.67 	13367.16 	4543.48 	68663.67 	21163.25 	732906.10 	204346.33 	387482.95 	1020.99 
99.47 	700.14 	4229.28 	4732.98 	50364.01 	39556.45 	997910.87 	585222.76 	767108.14 	1047.89 
100.29 	712.41 	7615.90 	2760.94 	126007.46 	12296.62 	1412086.50 	163348.70 	62709.48 	1077.83 
98.32 	305.93 	3553.71 	1095.51 	41492.76 	7756.08 	616614.19 	98304.46 	68253.31 	898.06 
97.23 	495.86 	10161.00 	4535.91 	91619.04 	37792.43 	1910230.54 	557055.03 	729773.19 	802.57 
100.62 	509.97 	10985.11 	3311.28 	188702.68 	26625.79 	4171746.50 	380225.26 	144749.38 	1085.15 
99.69 	910.08 	10297.30 	3641.15 	175728.38 	29670.93 	2019473.41 	295131.00 	427979.06 	1024.45 
99.63 	712.77 	13129.83 	4826.34 	229589.03 	40497.85 	3922107.31 	413904.54 	227103.88 	1004.75 
99.86 	305.31 	4083.85 	2612.53 	48362.95 	20563.01 	954728.48 	375451.30 	286890.01 	1013.62 
99.10 	908.84 	6891.51 	6337.52 	112736.64 	54547.42 	1821598.00 	1088161.38 	571430.62 	978.29 
100.70 	521.87 	15136.69 	4787.59 	268372.27 	22448.93 	6096464.29 	315540.48 	315655.27 	1143.07 
100.81 	711.74 	11013.79 	6828.42 	100140.46 	33118.20 	1602580.42 	482498.04 	332845.09 	1087.70 
99.12 	905.00 	10253.26 	6288.37 	133724.51 	30264.78 	2190267.06 	301627.79 	572772.23 	1019.81 
101.00 	507.63 	7932.92 	4653.62 	131770.80 	21853.99 	2830900.94 	306536.07 	116858.18 	1113.88 
99.83 	909.36 	7770.32 	9005.46 	128838.93 	44662.77 	1445761.29 	252404.99 	668103.06 	1094.50 
100.98 	509.21 	11792.88 	1909.36 	155879.79 	8213.33 	2584668.69 	72547.76 	72677.12 	1156.80 
100.17 	703.86 	4369.54 	2718.85 	20299.76 	12128.91 	195321.98 	61780.81 	61695.73 	1081.17 
100.68 	317.39 	11472.71 	1115.56 	151264.53 	4545.48 	2502237.01 	71065.47 	54500.54 	1126.18 
100.86 	518.41 	4681.25 	4779.72 	21921.21 	22433.00 	212341.45 	217762.30 	120111.15 	1147.05 
99.59 	302.68 	7221.50 	1054.12 	118793.01 	7435.43 	2530683.24 	93903.73 	65078.79 	1024.47 
100.50 	716.02 	11657.49 	6872.32 	59260.16 	33255.45 	908051.15 	334024.18 	634936.94 	1143.34 
98.62 	895.13 	9463.47 	6190.71 	47119.70 	29759.30 	928134.69 	429321.14 	296057.05 	947.63 
99.10 	497.23 	7288.87 	4557.74 	35486.33 	38008.75 	681658.76 	212177.75 	734648.74 	1034.56 
99.61 	499.45 	13036.06 	4580.48 	227815.05 	21357.53 	2669366.96 	113852.16 	391335.87 	998.37 
99.85 	904.19 	10261.61 	3626.26 	51455.68 	16571.13 	1021409.92 	156471.01 	226570.87 	1022.32 
97.42 	875.84 	5720.47 	8632.79 	70335.91 	76615.66 	1093246.10 	1573862.47 	825108.36 	828.98 
100.09 	907.64 	4397.15 	6290.62 	20458.20 	30196.13 	285316.08 	300945.40 	436252.33 	1082.89 
100.77 	316.20 	14704.18 	1113.22 	76203.47 	4536.94 	1564569.17 	70923.90 	70918.16 	1112.07 
100.33 	317.37 	11044.81 	1927.45 	55814.75 	8305.60 	850816.06 	40934.30 	40995.57 	1089.37 
100.80 	319.00 	11916.85 	2728.61 	60661.34 	12143.01 	641397.29 	111400.44 	61826.83 	1163.59 
100.12 	502.70 	13575.28 	3255.32 	125943.61 	14744.80 	2695493.95 	199210.01 	137716.26 	1035.48 
100.42 	705.90 	7987.89 	4779.10 	101572.44 	22375.99 	1118958.85 	314373.72 	314534.37 	1124.49 
100.24 	717.62 	11032.18 	2779.94 	144888.59 	22001.18 	3136211.24 	213176.10 	404192.32 	1090.74 
100.64 	315.67 	7943.83 	1133.78 	100926.62 	8086.77 	2121352.87 	102891.75 	134611.35 	1114.89 
100.03 	304.24 	14422.37 	1075.49 	194493.29 	4360.69 	4309458.36 	52071.26 	52052.28 	1091.84 
98.90 	497.72 	12595.08 	1879.33 	116089.43 	14253.97 	2468063.77 	251188.15 	132815.92 	969.49 
98.82 	691.98 	3828.20 	6600.76 	31307.75 	57072.57 	453620.55 	600056.87 	871738.26 	957.57 
101.47 	730.45 	12673.59 	4954.32 	116682.10 	23282.33 	2481726.66 	328358.47 	125076.31 	1227.61 
101.96 	720.93 	4832.87 	2785.26 	40543.48 	12476.17 	414572.33 	63683.86 	114797.04 	1184.08 
99.74 	513.28 	13762.22 	3300.60 	184737.10 	14924.07 	3104299.81 	264148.31 	77449.01 	1047.55 
99.61 	301.43 	10178.00 	1070.25 	91938.41 	7591.80 	1461505.82 	95972.23 	125586.57 	1012.93 
100.24 	309.42 	14738.48 	1862.07 	76181.16 	14050.46 	1192146.42 	188997.25 	189007.25 	1114.13 
100.97 	308.43 	4554.59 	1877.85 	37932.98 	8030.44 	385608.77 	70798.13 	39481.61 	1123.46 
98.85 	895.41 	6800.80 	3552.01 	32992.93 	28881.70 	331440.76 	286570.36 	157723.56 	966.89 
99.85 	303.99 	7741.40 	1070.96 	38019.71 	4348.82 	386440.19 	20176.68 	51891.12 	1090.38 
99.61 	310.35 	4112.90 	1886.14 	33963.21 	14277.06 	342074.69 	132974.90 	132990.69 	1011.80 
99.47 	304.44 	13522.75 	1071.63 	181317.13 	7594.72 	2088462.98 	96085.81 	37099.27 	1031.12 
99.53 	304.27 	6861.28 	1848.11 	33244.02 	7943.93 	634628.63 	39066.74 	101046.09 	981.73 
99.65 	501.82 	7135.04 	3245.56 	62175.16 	26084.39 	1254581.39 	487024.79 	141584.11 	1012.96 
99.14 	706.24 	6788.48 	6761.99 	32894.82 	58722.24 	627293.61 	619075.80 	1179142.70 	965.48 
100.45 	313.00 	4537.80 	1886.48 	21251.69 	14258.12 	297197.24 	251228.00 	132935.33 	1113.64 
99.96 	699.88 	4423.39 	2719.54 	36747.47 	12137.76 	707799.89 	111463.05 	210576.29 	1093.12 
99.20 	709.81 	3893.70 	4800.99 	59832.09 	40243.04 	1203140.07 	781736.58 	411218.05 	965.40 
99.24 	712.51 	4098.05 	2779.29 	33715.83 	12366.57 	339052.88 	63185.49 	164349.33 	1008.58 
100.33 	708.07 	8166.62 	4771.44 	72207.36 	22377.64 	774086.49 	119772.52 	411826.35 	1143.18 
101.52 	527.96 	12538.64 	3425.55 	166873.35 	15628.34 	2781810.05 	277937.82 	146718.51 	1220.14 
101.44 	916.61 	16120.88 	3654.08 	287679.35 	16723.06 	4999571.81 	228670.22 	87419.61 	1206.40 
99.70 	916.08 	10514.64 	9099.52 	52967.71 	81236.31 	553573.63 	480436.15 	1676848.93 	1040.67 
99.12 	693.07 	9701.33 	4682.67 	164447.71 	21955.31 	2737905.54 	403255.93 	117367.36 	973.03 
99.82 	507.95 	4277.62 	3259.74 	50948.52 	26177.39 	1010633.23 	257519.77 	142145.37 	1059.54 
98.85 	703.76 	12809.38 	2743.78 	118152.62 	12233.86 	2515814.15 	62295.26 	62399.91 	986.65 
101.49 	935.39 	8668.53 	9331.31 	145356.09 	83450.78 	3147432.91 	905316.02 	1315625.78 	1208.98 
98.79 	297.14 	6309.81 	1779.79 	78392.42 	7606.66 	1613410.65 	66774.09 	125833.34 	910.96 
99.34 	499.27 	10360.33 	1867.51 	135343.40 	8027.85 	2219270.08 	39389.83 	102152.02 	1030.00 
101.93 	934.95 	9071.56 	6497.47 	45037.00 	31293.87 	673854.48 	594031.23 	453457.71 	1252.36 
101.74 	936.40 	12130.17 	3738.49 	61788.53 	17165.87 	654028.98 	162675.72 	308174.56 	1186.16 
101.13 	322.09 	12227.75 	1960.26 	62417.54 	14946.13 	661369.67 	264714.83 	202222.83 	1190.90 
99.01 	897.32 	10131.98 	6232.39 	131976.58 	53653.96 	2159816.40 	815329.18 	561597.63 	1011.50 
100.82 	322.16 	8140.37 	2754.28 	40110.36 	12277.86 	594321.19 	163049.59 	112752.93 	1140.65 
99.79 	713.38 	13783.63 	4808.07 	70908.45 	40276.18 	1103177.51 	225896.93 	411463.05 	1051.42 
100.35 	708.81 	11037.56 	6802.95 	100372.51 	33020.43 	2109082.33 	182442.01 	629892.18 	1091.15 
102.30 	316.99 	16325.99 	2703.68 	154022.08 	21333.72 	1752218.69 	390952.81 	298686.28 	1221.62 
100.59 	322.00 	15546.35 	2746.22 	211165.71 	21684.50 	2460733.25 	115770.78 	210011.14 	1167.44 
99.42 	309.25 	12910.36 	1113.96 	225289.22 	7909.21 	5049110.46 	131319.49 	38740.38 	992.42 
97.76 	682.01 	3441.02 	6486.96 	39992.45 	56036.65 	408406.91 	322345.49 	588406.55 	870.06 
100.18 	720.21 	14783.40 	2791.88 	261505.76 	22046.64 	5928843.44 	213726.70 	213793.85 	1117.82 
100.38 	905.66 	4373.88 	3597.06 	68105.03 	16501.45 	1055692.52 	86183.67 	155809.07 	1078.00 
99.41 	902.19 	10273.13 	6282.50 	51613.64 	54058.14 	538553.53 	1077608.16 	1077706.13 	1019.82 
99.26 	301.78 	3898.67 	1818.14 	59902.67 	7810.67 	632718.31 	99035.48 	38266.47 	963.25 
100.41 	911.05 	14669.40 	9056.26 	137120.67 	80772.58 	2954926.00 	1666688.47 	1270187.42 	1108.86 
101.55 	311.25 	12151.01 	1886.29 	111618.54 	14324.88 	2365514.55 	133435.99 	133415.72 	1186.33 
99.65 	303.04 	10058.28 	1088.56 	90746.04 	4456.49 	1440542.75 	69524.16 	37019.90 	1003.21 
99.35 	699.91 	10272.78 	2719.62 	92823.51 	21474.98 	1937700.62 	393855.36 	300574.81 	1018.52 
99.78 	311.40 	4249.67 	2668.61 	50556.50 	20978.71 	764298.30 	202538.60 	293162.62 	1051.13 
99.89 	910.11 	7029.86 	8998.03 	88318.62 	80248.53 	962100.82 	867701.27 	474118.94 	1003.60 
99.34 	908.50 	7286.38 	6317.60 	119920.94 	54432.62 	2556576.42 	1085706.47 	828149.05 	1032.97 
97.95 	690.20 	8769.29 	2686.52 	112613.21 	11959.99 	2388681.98 	158440.88 	109570.18 	889.66 
100.86 	726.22 	8220.17 	7012.75 	72633.93 	61042.02 	779176.18 	1229986.31 	645364.34 	1149.91 
102.13 	720.81 	9318.44 	2823.05 	157402.09 	12652.04 	3429589.42 	64622.51 	116529.20 	1286.68 
98.77 	309.29 	6679.50 	1880.96 	108877.27 	8073.63 	1206327.95 	71286.54 	102732.30 	959.09 
99.72 	706.18 	10390.45 	6759.46 	135675.01 	32716.97 	2225077.96 	476138.79 	328366.67 	1031.12 
100.25 	517.43 	14933.97 	4741.99 	139814.42 	39682.31 	3017760.51 	587356.92 	587195.29 	1127.09 
98.88 	499.64 	6654.93 	1887.11 	108497.87 	14330.97 	1748005.09 	252796.48 	74034.97 	953.93 
99.74 	314.94 	7655.34 	2685.73 	37506.14 	21173.29 	552345.82 	296107.22 	204645.53 	1075.93 
100.24 	707.90 	11355.28 	2757.03 	195715.57 	21755.86 	4339005.93 	116132.96 	305077.23 	1115.03 
99.20 	709.59 	9617.79 	6809.01 	47964.43 	33016.46 	497321.68 	630006.13 	480702.14 	962.68 
99.62 	705.29 	13107.74 	4748.77 	175078.75 	39771.46 	2929242.21 	222947.87 	771855.22 	1005.61 
98.46 	706.18 	3592.73 	2752.48 	29166.74 	12228.50 	419871.34 	112194.30 	212186.22 	903.85 
99.01 	503.40 	6918.15 	1889.67 	86685.06 	8094.37 	1370888.12 	71508.32 	103056.74 	989.21 
100.78 	716.76 	8243.66 	2810.85 	72965.61 	22263.12 	1492778.52 	119188.95 	119198.59 	1150.71 
99.13 	698.33 	4081.45 	2695.75 	63119.07 	21243.37 	669279.45 	205373.40 	113378.28 	1007.75 
100.14 	314.72 	11441.77 	1905.98 	58040.12 	14466.24 	611065.35 	134962.85 	255417.49 	1121.95 
100.38 	518.10 	14121.37 	3350.03 	72926.63 	27028.77 	782218.25 	266638.18 	386512.66 	1073.31 
99.53 	307.92 	4023.56 	1080.00 	18613.87 	7639.44 	257290.52 	96639.33 	37328.24 	1004.43 
101.91 	723.03 	16027.62 	2828.16 	218411.53 	22355.93 	2550906.35 	411315.92 	314078.00 	1202.77 
100.82 	720.53 	15517.86 	6904.78 	145589.98 	60057.56 	3152540.13 	634484.83 	1208358.68 	1167.70 
100.23 	903.06 	7747.96 	8918.71 	38049.78 	44241.51 	386829.27 	250043.19 	250020.84 	1087.98 
100.72 	312.09 	8171.01 	1121.49 	72189.59 	8026.27 	773760.65 	39419.86 	39499.91 	1146.14 
98.67 	495.69 	9240.27 	3168.88 	155855.53 	14329.28 	3393181.21 	252673.03 	193188.18 	927.22 
100.61 	724.88 	11747.48 	4919.39 	59770.42 	41330.47 	630847.62 	804553.25 	423089.04 	1151.75 
98.34 	686.66 	11865.38 	4595.43 	205293.46 	21494.77 	3477418.72 	207764.06 	207933.96 	920.97 
99.95 	709.38 	10813.32 	4801.78 	141690.89 	22593.25 	1601595.40 	219459.10 	317727.81 	1068.45 
100.38 	718.07 	11609.47 	4862.53 	58824.42 	22815.65 	1181487.40 	122450.46 	221881.74 	1137.25 
99.51 	904.85 	7547.33 	8958.90 	66180.96 	79924.17 	1023532.04 	1255956.83 	1647840.54 	1063.16 
102.59 	521.67 	12914.77 	1947.97 	225482.86 	14827.67 	5054487.37 	262289.25 	76693.25 	1250.21 
99.19 	909.26 	7199.55 	3618.34 	118336.91 	16577.37 	1919530.91 	156540.47 	156628.71 	1024.27 
102.38 	318.91 	13505.30 	2730.91 	236841.92 	21533.60 	2782827.82 	394855.60 	208167.24 	1301.19 
100.41 	313.87 	4586.86 	1901.49 	54983.02 	14381.72 	1097618.02 	74302.93 	253716.50 	1126.05 
100.01 	319.87 	14330.61 	1935.45 	252785.58 	14739.26 	5716186.59 	260693.46 	260592.48 	1087.78 
100.88 	721.70 	8429.67 	4864.67 	74667.00 	22935.09 	802667.28 	423142.31 	223020.07 	1178.75 
101.13 	921.23 	12347.90 	3664.91 	163970.59 	29798.41 	1874773.15 	296708.42 	563150.77 	1200.60 
98.74 	507.35 	6476.29 	1907.38 	31245.97 	8192.76 	312194.29 	40268.08 	40352.68 	928.51 
99.37 	512.40 	9933.61 	3310.58 	49692.49 	26635.22 	516563.14 	498208.36 	144618.52 	993.49 
99.76 	305.44 	10191.77 	2592.77 	132905.04 	11542.23 	2857206.23 	199168.18 	58604.34 	1016.26 
99.70 	310.90 	13092.91 	2653.52 	67180.10 	11756.49 	1364481.46 	59624.17 	203185.68 	1002.35 
99.34 	506.78 	4259.65 	1884.45 	66217.94 	8096.79 	704825.14 	134726.35 	39754.33 	1048.32 
100.30 	712.84 	11135.18 	4822.30 	146398.32 	40478.29 	3171616.03 	786749.07 	227148.30 	1094.86 
100.27 	306.72 	11371.50 	2629.53 	149863.66 	20617.58 	2477138.67 	198795.60 	287497.04 	1117.43 
98.88 	703.90 	3687.47 	4722.40 	16917.49 	22101.88 	231581.55 	118410.88 	118152.65 	921.26 
101.49 	319.20 	4833.49 	1932.75 	76075.80 	8325.63 	1561993.80 	138957.33 	106341.08 	1184.35 
100.56 	907.42 	15139.64 	8978.82 	205223.61 	80028.54 	4566543.71 	472901.36 	865218.70 	1140.47 
101.05 	317.06 	11999.56 	1123.74 	207837.62 	4596.95 	3523678.26 	55184.79 	71992.44 	1173.84 
101.30 	304.64 	11908.55 	1842.78 	157639.85 	13886.25 	2616424.36 	244186.24 	186551.42 	1162.75 
99.54 	710.42 	4019.49 	4793.80 	33062.18 	22484.82 	631006.19 	120561.93 	413952.15 	991.57 
100.02 	514.02 	4330.21 	3337.29 	20189.77 	26876.61 	280964.70 	146096.14 	384300.82 	1063.95 
100.21 	905.10 	14092.31 	6265.83 	131031.49 	53890.68 	1472588.14 	819068.77 	819111.03 	1069.42 
99.69 	711.84 	4453.08 	2768.64 	37055.34 	21843.05 	714322.78 	211642.14 	306429.82 	1090.79 
99.86 	514.95 	7679.44 	4708.44 	67452.86 	22068.94 	1044995.56 	118114.24 	214025.21 	1082.58 
100.53 	518.34 	7698.07 	1952.13 	67614.27 	8415.91 	1374262.94 	107634.59 	41449.49 	1086.45 
99.32 	902.78 	10155.01 	8928.51 	91582.57 	79590.06 	1909752.83 	1639829.72 	1250299.25 	1010.26 
97.64 	682.58 	5796.22 	2633.80 	27667.85 	20669.49 	396456.88 	377546.85 	377547.24 	843.89 
99.21 	508.96 	10357.37 	3282.66 	176818.82 	26464.85 	3888513.74 	143748.61 	143568.22 	1027.39 
100.06 	500.69 	7823.42 	1873.95 	129728.15 	8045.87 	2120307.81 	39491.62 	102490.20 	1102.10 
99.63 	912.11 	7121.40 	6371.91 	89542.55 	30688.60 	976642.19 	581521.24 	306196.43 	1008.22 
101.08 	306.47 	14870.59 	2598.52 	263053.99 	11488.60 	3114653.83 	151560.74 	198191.51 	1125.67 
100.49 	704.24 	7863.69 	4743.87 	69149.08 	39676.16 	1073176.38 	222202.81 	587246.38 	1108.90 
99.63 	716.63 	7476.94 	2803.22 	123495.00 	12555.94 	2010258.14 	167078.15 	218512.51 	1057.16 
100.63 	314.06 	8181.18 	2696.76 	104247.67 	21290.83 	2197311.99 	205755.19 	113567.27 	1146.25 
98.31 	885.85 	8804.18 	3547.31 	43607.80 	28775.19 	853217.39 	413850.05 	542201.49 	890.13 
100.30 	907.57 	4565.48 	6313.18 	71426.51 	54346.73 	1458658.48 	826617.77 	826719.93 	1125.06 
100.86 	926.14 	14415.17 	3706.69 	74472.34 	30213.21 	800331.34 	165763.11 	571844.17 	1093.36 
100.28 	310.74 	14711.83 	2644.95 	198815.45 	20823.70 	2306210.37 	110809.13 	200927.88 	1110.96 
99.62 	301.64 	10300.19 	2553.63 	93128.52 	19968.77 	1481718.39 	277733.10 	106110.64 	1024.06 
100.28 	708.26 	10530.54 	6801.81 	180154.91 	59020.93 	3968131.85 	622402.49 	622578.57 	1044.58 
100.41 	916.08 	10643.91 	3666.87 	53547.47 	16764.13 	1066465.99 	300098.74 	300148.10 	1055.71 
102.01 	934.65 	8690.34 	3718.57 	43072.89 	17045.17 	841825.28 	161379.37 	305660.07 	1209.41 
99.11 	906.97 	12399.11 	3601.30 	114088.52 	16523.04 	1268322.04 	156021.15 	225844.58 	958.03 
99.62 	903.37 	10168.92 	8948.28 	91698.99 	44463.52 	1912074.38 	251468.36 	457943.34 	1010.26 
99.46 	912.43 	3956.44 	3617.12 	60973.51 	29409.58 	1228325.21 	423975.98 	555292.74 	987.31 
99.41 	703.66 	13057.02 	6754.06 	66900.71 	32734.71 	1035550.70 	328643.91 	180624.25 	1002.93 
100.61 	519.34 	11739.17 	3376.89 	203051.52 	15372.36 	2358906.84 	79798.05 	208653.51 	1149.62 
100.52 	710.36 	14874.35 	2769.87 	201223.53 	21909.74 	4470639.40 	212123.80 	307462.63 	1124.27 
100.82 	310.92 	15681.59 	1094.01 	278866.48 	4436.19 	3316438.61 	20635.51 	20628.06 	1176.27 
98.83 	691.31 	6869.84 	2694.73 	33281.25 	21255.88 	334570.57 	389208.37 	297320.64 	976.01 
100.31 	306.50 	11472.39 	2614.24 	58071.76 	20525.32 	888047.03 	109266.56 	197729.52 	1126.01 
100.14 	501.64 	8103.58 	3255.28 	103130.77 	14697.25 	1137789.99 	76159.13 	76061.90 	1130.85 
100.36 	312.90 	4433.27 	2682.04 	36801.70 	11905.56 	709131.36 	157668.46 	109148.22 	1092.76 
99.46 	698.90 	6883.55 	2696.48 	112638.56 	21239.61 	1250677.85 	388909.02 	389055.01 	981.11 
96.95 	685.99 	10374.07 	6575.26 	93764.43 	31716.23 	1492486.09 	174679.38 	460296.21 	819.21 
100.20 	712.65 	7312.94 	2793.44 	35681.55 	22083.76 	685487.41 	405864.07 	309889.30 	1039.08 
100.05 	905.57 	7692.97 	8995.19 	37728.05 	44687.13 	383332.40 	252541.41 	460389.90 	1081.80 
99.91 	504.44 	7601.05 	3247.67 	66709.13 	14653.17 	1032584.34 	258874.47 	197917.52 	1073.73 
99.29 	697.25 	9901.45 	6670.31 	128764.21 	57713.64 	2102760.08 	607676.02 	1157298.56 	990.70 
99.45 	306.53 	12984.90 	1835.61 	66598.18 	13828.81 	1030564.86 	242929.99 	185754.68 	995.96 
99.21 	895.26 	6810.05 	3562.89 	59089.37 	28942.06 	623018.62 	158203.71 	416458.53 	973.72 
99.41 	317.13 	4081.38 	1140.85 	63152.03 	8139.44 	1276086.55 	40038.18 	103634.49 	1017.82 
100.69 	305.66 	4684.17 	2589.12 	73574.34 	20321.20 	789896.42 	283027.64 	108099.61 	1146.38 
98.46 	495.97 	6552.88 	1850.01 	81681.19 	7972.16 	1285524.13 	39211.12 	70255.23 	936.50 
100.01 	317.09 	7511.77 	1916.71 	36703.37 	14507.04 	707089.51 	195699.41 	256219.08 	1063.75 
98.46 	508.30 	6805.01 	3265.74 	111157.35 	26250.41 	1233563.05 	258373.08 	258427.13 	968.62 
100.86 	315.26 	4553.69 	1909.69 	21319.48 	8223.98 	298290.97 	104881.56 	72657.41 	1123.82 
101.09 	304.13 	4854.06 	1060.22 	76453.00 	4288.05 	1196601.39 	66701.39 	35503.75 	1182.47 
97.71 	685.69 	8807.77 	2634.62 	113148.39 	11688.83 	1256988.29 	201947.35 	106930.69 	891.37 
97.78 	300.41 	3501.00 	1068.82 	40750.68 	4367.72 	792511.93 	36268.54 	36179.25 	875.23 
100.93 	518.61 	15319.76 	4781.51 	271841.36 	22390.49 	6181774.61 	412223.46 	314637.69 	1153.28 
100.18 	510.39 	4257.08 	4697.37 	66112.50 	22056.37 	1341151.87 	213856.53 	405380.69 	1049.24 
100.50 	318.80 	15266.47 	2721.55 	207104.11 	12071.33 	3510540.21 	160105.42 	61465.43 	1152.17 
98.17 	307.12 	3727.57 	2602.81 	17053.40 	20414.94 	161483.48 	372465.47 	196671.03 	932.99 
99.07 	709.13 	13063.85 	2763.54 	228190.90 	21873.86 	2673875.40 	306762.99 	211872.23 	1004.16 
99.61 	710.92 	4104.15 	2775.56 	48658.81 	21909.31 	961141.11 	117235.57 	212373.71 	1022.85 
99.08 	907.27 	13101.54 	9006.37 	174989.55 	80257.91 	2010486.33 	867882.52 	474233.55 	1005.43 
102.23 	724.62 	13145.59 	6948.28 	229809.61 	60441.50 	3926768.71 	927592.02 	1216680.46 	1269.88 
101.08 	727.32 	7950.13 	2824.87 	39115.49 	12610.43 	398419.71 	64504.35 	219540.03 	1118.29 
97.44 	494.71 	6054.36 	4519.51 	51896.91 	37634.30 	786394.12 	726620.06 	382323.37 	874.29 
99.60 	710.15 	13023.85 	6826.24 	120374.30 	33068.29 	1955701.08 	481671.86 	332019.11 	998.00 
100.36 	715.52 	4500.14 	6894.80 	53867.15 	33510.45 	1073600.29 	488785.21 	185293.05 	1103.62 
101.13 	924.41 	4761.86 	6468.52 	22295.59 	31163.15 	216216.42 	591595.74 	451325.17 	1159.05 
98.87 	700.03 	12267.87 	6686.23 	162952.53 	32377.53 	1861639.68 	178706.38 	470737.82 	946.31 
100.69 	920.35 	4350.35 	3703.30 	51865.25 	16927.41 	785679.15 	231726.31 	231773.16 	1068.60 
100.27 	320.42 	10478.14 	1130.21 	179126.65 	8034.26 	2061191.08 	102171.20 	133635.05 	1039.47 
100.91 	318.54 	15718.01 	1135.58 	147710.45 	4658.57 	2438760.60 	73068.10 	21819.05 	1179.64 
100.01 	716.15 	7576.29 	6861.12 	125252.54 	33285.42 	2679746.21 	635507.35 	334653.13 	1069.24 
100.05 	313.87 	4278.40 	1897.45 	35481.34 	8197.16 	681332.99 	104508.32 	40291.46 	1056.79 
101.02 	721.10 	11492.72 	6917.68 	198167.59 	60203.80 	2297932.83 	1211660.43 	923726.52 	1129.53 
98.72 	304.39 	9843.55 	1823.55 	127814.57 	13742.59 	2086272.21 	241213.76 	127672.35 	983.23 
99.98 	300.70 	4417.18 	2555.09 	68837.12 	11350.88 	1068078.23 	57479.50 	103408.52 	1093.36 
98.42 	888.61 	8858.12 	6130.58 	148885.03 	52702.75 	2459718.65 	550670.73 	1048168.05 	893.54 
100.36 	510.89 	10520.73 	4678.43 	52896.49 	39147.86 	1052394.09 	399104.76 	219258.39 	1045.64 
98.55 	692.36 	9473.66 	4662.65 	160339.44 	38879.79 	2664321.26 	574311.91 	217610.44 	950.54 
99.60 	506.56 	3989.13 	3275.21 	47159.04 	14862.11 	708678.79 	200930.30 	201080.69 	997.34 
100.01 	906.92 	14598.63 	6307.06 	136243.58 	30414.14 	2235529.28 	439743.33 	303246.77 	1105.61 
99.93 	908.12 	7762.83 	8967.67 	37999.35 	44531.92 	734303.67 	251677.38 	458760.57 	1088.85 
102.26 	530.03 	16184.81 	1990.55 	84465.67 	15186.94 	917121.46 	205753.27 	78737.51 	1211.17 
99.47 	696.28 	13887.32 	2708.49 	186659.90 	12098.48 	4122923.14 	61531.47 	160395.43 	1058.47 
99.76 	499.25 	7406.85 	1874.25 	64853.54 	14201.40 	689268.79 	132310.59 	191121.59 	1046.81 
99.54 	906.67 	7204.64 	6281.00 	35130.52 	30146.73 	354587.40 	165310.39 	165186.75 	1020.33 
100.52 	925.44 	7923.97 	6471.55 	131639.99 	31230.98 	2827442.70 	171798.59 	171657.95 	1109.24 
100.16 	517.13 	7743.49 	1952.77 	67972.90 	8448.14 	725142.88 	41694.89 	141317.50 	1090.83 
98.70 	894.65 	6808.08 	6186.86 	85143.42 	29765.56 	1344587.06 	296241.45 	562539.75 	969.65 
99.37 	317.48 	3893.32 	1915.04 	45944.56 	8241.10 	474686.31 	105220.21 	40594.00 	962.74 
98.78 	502.19 	3717.40 	4594.11 	30263.50 	38288.35 	572897.17 	740354.50 	389257.29 	929.41 
100.10 	510.13 	7843.40 	3312.41 	69049.75 	15004.60 	1072003.09 	140549.17 	140446.66 	1100.98 
99.60 	899.44 	9976.59 	8874.74 	169588.04 	43989.10 	2830502.46 	861059.41 	656976.55 	996.17 
100.06 	516.18 	11068.46 	1949.00 	190134.59 	8440.44 	2198338.14 	41619.58 	107890.29 	1089.74 
100.78 	909.05 	4479.88 	9007.92 	53586.02 	44705.98 	560856.44 	876577.75 	668777.25 	1102.17 
101.30 	723.23 	4886.43 	2843.73 	40992.10 	22512.21 	608357.93 	316695.42 	218627.62 	1190.63 
99.67 	899.73 	10775.46 	6244.93 	184685.48 	53752.36 	4075256.85 	308393.38 	308057.73 	1065.56 
100.02 	717.95 	10948.59 	4832.36 	99540.30 	40479.05 	1592539.30 	227087.62 	600279.68 	1082.86 
99.06 	316.45 	3945.46 	2700.41 	18238.79 	21336.50 	329252.98 	390929.92 	390818.86 	983.83 
99.76 	914.52 	4281.76 	3623.95 	66591.66 	16605.10 	709072.28 	156784.90 	227033.44 	1060.05 
101.37 	310.71 	15488.24 	1099.56 	210384.12 	4508.19 	4690079.35 	21042.39 	53965.45 	1164.39 
101.75 	309.57 	11897.66 	2634.53 	108907.36 	11720.64 	2303513.30 	202596.95 	202564.48 	1165.25 
98.49 	893.38 	8953.02 	3562.80 	150499.82 	16335.61 	3268072.75 	85220.59 	85316.20 	904.89 
98.24 	508.47 	12231.14 	1915.43 	62405.61 	8258.04 	960246.00 	40763.59 	40617.42 	945.86 
98.58 	688.38 	12107.74 	2667.11 	61713.62 	21005.94 	653064.77 	202856.58 	202683.99 	938.13 
98.58 	310.73 	6282.16 	1889.69 	30236.22 	14344.82 	572333.79 	133690.84 	193256.54 	905.43 
100.16 	319.40 	7880.04 	2720.05 	100075.38 	21477.79 	2101939.03 	114689.56 	393716.44 	1111.03 
101.54 	322.56 	8900.26 	2772.52 	114418.81 	12400.34 	1851093.51 	164691.87 	215573.80 	1229.90 
99.19 	897.81 	3828.44 	6215.79 	58769.03 	29838.19 	1180208.66 	430600.37 	163380.89 	951.66 
100.46 	915.80 	14570.31 	6399.69 	75377.63 	30867.28 	1178608.82 	308279.41 	585381.19 	1102.88 
99.61 	515.14 	12795.81 	3318.88 	170659.26 	15101.13 	3742849.30 	78427.81 	204439.09 	983.24 
99.04 	302.19 	4039.17 	1834.20 	18646.66 	13849.22 	337327.68 	128740.25 	243505.96 	996.33 
99.78 	514.82 	4105.04 	3333.80 	48605.80 	15135.58 	732161.53 	78620.83 	268308.37 	1018.29 
98.82 	698.67 	6568.22 	2715.53 	31719.57 	12057.87 	460299.66 	61427.47 	159858.19 	941.64 
98.02 	700.99 	3736.29 	6737.18 	43788.06 	32623.65 	653844.46 	474687.24 	474585.07 	934.74 
99.11 	311.54 	9697.43 	2654.55 	87165.16 	11768.00 	1379174.15 	107632.64 	107669.76 	968.91 
100.23 	916.14 	14783.87 	6385.58 	138286.01 	55043.46 	1560417.08 	577135.36 	576951.09 	1116.86 
98.99 	896.20 	9330.96 	8869.50 	83441.10 	79038.77 	904774.34 	853542.84 	466277.34 	936.30 
99.85 	706.10 	10960.12 	4757.17 	55424.84 	39785.61 	844254.27 	589034.85 	405920.66 	1082.26 
100.82 	717.56 	11680.25 	6909.67 	201858.02 	60000.12 	2344324.60 	1207218.77 	346868.24 	1141.92 
100.64 	913.76 	4557.62 	6325.14 	71264.66 	54448.01 	1454683.60 	312537.70 	1086241.20 	1112.89 
98.79 	500.89 	9221.42 	4560.39 	45847.98 	21299.32 	687236.28 	113698.18 	390090.07 	930.22 
100.40 	503.80 	10819.14 	1867.91 	141865.94 	14119.63 	2334926.67 	189923.18 	72931.55 	1069.73 
100.45 	307.72 	11578.06 	1102.47 	199943.12 	7847.58 	4439899.55 	38496.44 	130258.13 	1138.55 
99.62 	897.47 	10309.60 	8865.70 	93079.08 	43888.84 	1018533.96 	655432.25 	859280.16 	1023.26 
99.49 	900.39 	13868.00 	6244.38 	186347.86 	29946.18 	3132948.55 	298197.44 	432423.23 	1055.00 
99.07 	699.18 	6602.72 	6706.17 	82283.30 	32521.59 	1296136.32 	326351.06 	619787.86 	947.54 
102.35 	309.07 	13621.02 	1881.67 	182730.23 	14275.43 	3067619.10 	73759.65 	251724.67 	1309.58 
101.41 	718.43 	16149.67 	2774.14 	152272.19 	21915.04 	3309191.48 	212200.73 	212184.26 	1211.20 
102.70 	728.22 	18001.60 	2817.10 	324542.87 	12606.85 	5690841.95 	167899.71 	116019.40 	1330.05 
99.81 	316.69 	4249.26 	1916.67 	65926.44 	14502.96 	1019270.20 	135238.13 	255985.77 	1050.87 
100.36 	319.84 	11348.42 	1926.97 	57440.54 	8263.20 	877990.12 	137875.13 	40740.87 	1114.57 
99.82 	307.68 	13058.82 	1861.71 	228104.89 	14048.78 	5117323.14 	247328.70 	72554.22 	1003.77 
99.98 	316.61 	4452.03 	1112.99 	20735.27 	4507.65 	289299.50 	20978.42 	37553.00 	1098.90 
99.24 	496.69 	10295.17 	4515.07 	92947.23 	21128.88 	1940681.58 	386678.47 	295407.61 	1022.03 
99.96 	918.20 	7658.05 	3695.56 	67204.23 	16895.38 	1040543.96 	88583.27 	302799.36 	1079.03 
101.14 	523.58 	14772.07 	4824.07 	76406.74 	40397.13 	822992.20 	784985.58 	785028.15 	1118.47 
100.93 	512.01 	4535.94 	1932.98 	54417.74 	8313.45 	570147.90 	41014.93 	40919.17 	1111.79 
100.12 	909.72 	10547.58 	3635.81 	137933.67 	29626.71 	2265216.30 	559753.03 	162143.97 	1043.49 
99.33 	695.28 	10186.62 	2696.15 	91869.27 	21266.14 	1004218.58 	297423.23 	389414.87 	1012.14 
101.42 	712.05 	4859.24 	4799.50 	76652.32 	22539.74 	1574375.20 	415236.07 	316892.51 	1184.89 
100.76 	309.20 	11311.96 	2635.72 	194880.21 	11665.67 	3288252.91 	154112.79 	201625.58 	1111.36 
100.31 	904.91 	10747.21 	6305.20 	54165.34 	30318.92 	567219.91 	573978.00 	302399.24 	1064.02 
99.82 	704.85 	4410.55 	6779.66 	36591.52 	58769.57 	537717.78 	339065.37 	899634.37 	1081.74 
99.77 	703.67 	4438.44 	2759.79 	20717.26 	12301.10 	199756.51 	213648.76 	163396.43 	1085.78 
98.65 	892.50 	9454.71 	6172.71 	159994.03 	53062.41 	2658390.47 	303891.13 	304016.05 	948.40 
98.32 	892.10 	3673.88 	8835.46 	16801.36 	78578.22 	229937.67 	848188.61 	463521.44 	924.43 
98.81 	894.01 	6964.28 	6195.70 	87408.48 	53253.51 	1383438.73 	305380.79 	557021.33 	988.75 
101.36 	721.43 	15902.09 	6939.79 	216555.47 	33749.75 	3683077.37 	645213.55 	492587.14 	1191.42 
100.27 	718.35 	11514.80 	6894.90 	58363.15 	33385.22 	893160.65 	637809.75 	335727.54 	1128.80 
101.08 	510.54 	11327.83 	4689.54 	57333.92 	21994.57 	603140.72 	404228.39 	308676.11 	1113.24 
100.34 	917.00 	7452.51 	3679.84 	65238.47 	29959.36 	1007610.41 	566478.07 	432564.28 	1055.86 
100.61 	911.12 	4518.85 	9060.78 	37620.18 	80921.00 	381911.11 	1669717.90 	1669867.97 	1116.35 
100.93 	510.93 	7844.92 	3320.75 	99619.97 	26724.56 	1593479.52 	145145.15 	263514.86 	1103.91 
101.33 	726.85 	8856.37 	2820.17 	43845.93 	22324.35 	451236.49 	216758.86 	410663.42 	1224.61 
98.56 	893.22 	6795.79 	6213.08 	32976.69 	29839.02 	480134.78 	297178.51 	163482.51 	971.29 
98.83 	302.43 	12929.20 	1056.49 	66193.36 	7477.65 	1342896.72 	94532.22 	123426.37 	994.51 
98.66 	305.13 	3717.99 	2613.21 	30272.70 	11565.89 	573205.77 	58677.75 	199757.66 	931.79 
101.01 	717.11 	11669.33 	6891.78 	59261.42 	59958.51 	907994.22 	633090.43 	919444.03 	1141.41 
99.99 	502.16 	7266.22 	4592.78 	119583.95 	38302.68 	1334174.77 	565060.80 	565289.65 	1031.13 
99.35 	907.03 	3983.31 	8983.41 	18438.35 	80054.41 	333055.56 	1650674.68 	473054.86 	984.98 
100.47 	304.78 	14078.36 	1077.10 	247777.03 	7648.27 	5594229.00 	67057.96 	126567.38 	1069.44 
100.40 	303.06 	7577.54 	1830.94 	125214.49 	13801.00 	1402283.72 	70975.66 	70956.04 	1068.62 
100.98 	516.38 	15019.08 	4739.36 	203404.41 	22181.23 	4522722.88 	118659.79 	215004.09 	1135.73 
102.02 	928.95 	8670.29 	3723.75 	111119.39 	17089.79 	1793583.46 	89542.38 	234305.01 	1202.15 
99.92 	712.35 	11043.62 	6821.68 	55721.18 	33094.65 	584664.71 	332412.48 	182960.61 	1089.61 
99.29 	706.04 	9980.34 	2730.98 	169781.05 	21509.39 	3721591.90 	208021.66 	394458.39 	996.64 
100.40 	312.88 	14512.24 	2664.65 	195861.33 	11842.99 	3305610.09 	108377.17 	156578.59 	1097.97 
101.30 	508.87 	8203.68 	4648.56 	72448.04 	21709.66 	1128962.30 	210068.92 	398464.20 	1143.57 
100.39 	920.96 	7782.74 	3661.34 	38181.00 	29851.36 	738106.30 	430721.23 	430796.24 	1091.63 
99.25 	508.94 	4164.67 	4663.80 	64551.41 	21781.60 	685885.13 	116376.62 	400009.98 	1031.13 
99.53 	902.21 	12733.17 	6281.87 	65026.60 	54133.01 	1003976.13 	1079289.24 	823112.46 	981.46 
101.22 	310.86 	4855.55 	1115.42 	22767.37 	7945.50 	320530.37 	39008.08 	70093.75 	1186.39 
100.54 	919.60 	14882.86 	6410.28 	139243.10 	55246.75 	3004608.65 	317299.16 	841344.31 	1125.46 
100.73 	910.07 	14825.73 	3647.06 	200349.09 	16710.30 	3387672.95 	87513.30 	299216.61 	1121.37 
100.97 	710.02 	4840.19 	6798.87 	58347.73 	58918.72 	892897.35 	340085.84 	340256.01 	1173.36 
100.48 	911.21 	4255.98 	9009.36 	35157.60 	44724.65 	355028.57 	461044.65 	668826.95 	1054.39 
99.45 	299.35 	10148.18 	1802.52 	132139.42 	13575.47 	1485620.38 	125908.20 	69790.52 	1010.01 
100.32 	506.53 	10521.95 	3269.17 	52893.80 	26263.68 	1052363.16 	142469.28 	490781.94 	1043.90 
100.16 	512.76 	14616.81 	3315.60 	258139.92 	14991.75 	3053040.22 	140349.72 	140380.82 	1107.54 
99.62 	508.85 	13092.43 	1905.61 	67141.69 	8168.94 	1039872.94 	136017.28 	136121.16 	1003.82 
99.20 	507.29 	7280.17 	1886.00 	91744.13 	8077.98 	1458026.40 	71243.04 	71329.46 	1027.91 
100.94 	924.39 	8183.82 	3683.81 	104259.20 	16899.84 	1150633.09 	231262.56 	88499.89 	1148.49 
99.69 	512.67 	4350.03 	3306.73 	20217.30 	15038.81 	281396.03 	203567.60 	78079.19 	1076.98 
98.82 	499.05 	6864.81 	4566.26 	33346.31 	38110.69 	636742.68 	212698.16 	212868.15 	976.40 
100.37 	504.52 	14718.18 	1912.87 	137427.81 	14481.16 	2256493.52 	135073.61 	195348.67 	1114.79 
99.93 	905.45 	7649.73 	6265.33 	126581.53 	30066.74 	2710237.00 	164775.98 	164952.87 	1074.38 
100.02 	311.58 	11138.44 	2647.99 	101476.51 	11805.98 	1625715.42 	156066.17 	204314.83 	1095.00 
99.93 	499.96 	7077.65 	4557.09 	61583.22 	37973.05 	651653.99 	559906.43 	212066.23 	1006.80 
99.93 	308.52 	11031.90 	2644.20 	100297.67 	11737.29 	1605310.86 	155063.93 	107355.35 	1086.10 
98.93 	896.74 	3756.86 	3577.21 	44163.13 	16339.32 	659967.05 	154256.19 	291896.48 	936.99 
100.77 	714.59 	7829.21 	2797.17 	99445.24 	22172.65 	2087859.80 	215132.99 	118622.85 	1097.69 
100.38 	306.28 	11018.13 	1859.47 	189187.85 	14018.98 	2185989.25 	188551.70 	72339.40 	1088.81 
99.74 	312.57 	4252.47 	2670.49 	19794.73 	11861.16 	189907.07 	60287.27 	60315.26 	1052.55 
98.22 	693.65 	9249.91 	6656.79 	46080.41 	57617.87 	476180.39 	606358.50 	332136.43 	931.62 
100.97 	513.42 	8328.25 	1943.56 	139099.91 	8360.86 	2285481.21 	41221.93 	106843.97 	1159.31 
100.38 	510.20 	14688.88 	3284.03 	137113.96 	26464.16 	2250880.21 	143729.35 	260772.07 	1112.36 
98.98 	893.26 	3928.45 	8860.59 	60413.86 	43985.73 	638188.66 	452847.45 	248482.80 	976.84 
100.45 	909.26 	14679.59 	3633.34 	137148.61 	16577.29 	1546369.10 	86619.85 	226610.68 	1111.76 
99.79 	317.98 	10530.08 	2733.24 	95361.09 	12156.28 	1520257.33 	210885.87 	161295.42 	1045.97 
99.59 	513.81 	13781.82 	1948.39 	242161.66 	8427.17 	4153826.09 	74770.82 	140838.35 	1051.46 
99.95 	717.94 	10298.13 	6875.01 	175667.28 	33328.36 	2018379.08 	485865.67 	636415.82 	1023.30 
98.37 	692.53 	5940.29 	6610.12 	95706.17 	57145.63 	1526142.88 	872741.82 	329381.51 	860.26 
98.95 	506.17 	12264.40 	1892.84 	212943.96 	8108.44 	3617691.01 	71664.80 	134971.62 	948.11 
98.22 	492.88 	9036.73 	1838.53 	116303.86 	7888.68 	2472996.26 	38712.01 	131027.19 	913.70 
99.02 	504.24 	3862.41 	1876.36 	17788.35 	8086.06 	244806.91 	71307.73 	102961.81 	955.52 
100.57 	308.08 	4530.19 	1079.34 	21211.61 	7682.84 	296619.50 	127260.32 	37600.78 	1111.79 
98.36 	497.09 	9485.45 	3212.17 	85088.11 	14501.53 	1763483.30 	256127.16 	74854.44 	952.35 
100.06 	714.14 	10527.45 	4798.00 	137721.63 	22498.39 	2969203.36 	414303.07 	316296.99 	1046.21 
100.37 	505.83 	4333.27 	1889.56 	67374.74 	14271.40 	1043702.13 	192359.68 	251555.26 	1068.07 
100.52 	517.89 	8162.27 	4769.45 	104054.35 	39907.22 	1148537.89 	774711.52 	407200.81 	1144.38 
100.82 	312.33 	11826.45 	1902.65 	204570.06 	14460.39 	2378276.28 	195140.90 	194942.06 	1157.25 
100.86 	524.26 	15456.62 	3376.85 	274477.36 	27259.77 	3260028.17 	510969.91 	390311.39 	1165.05 
98.40 	312.77 	11648.20 	1906.38 	201310.92 	14414.35 	2337297.73 	254289.48 	194439.90 	906.94 
100.38 	302.57 	7774.22 	1053.71 	98571.57 	4299.73 	1083156.09 	66806.20 	66800.50 	1090.39 
99.41 	507.97 	10176.51 	3259.94 	132561.55 	14779.27 	1490635.25 	76519.08 	138184.05 	1010.12 
100.05 	319.67 	10621.23 	1122.33 	53555.41 	4590.72 	560088.41 	71890.70 	55050.04 	1054.12 
99.69 	706.50 	7266.02 	2735.96 	63446.57 	12147.23 	672892.85 	161130.15 	111581.36 	1026.42 
100.81 	726.04 	11196.96 	4932.38 	56568.37 	23171.72 	1132096.48 	326747.79 	427758.13 	1104.38 
98.54 	295.97 	3709.82 	2493.19 	16984.46 	19524.39 	160676.13 	187270.58 	354614.51 	929.84 
97.34 	497.40 	6015.09 	3181.04 	51489.37 	14385.66 	779618.71 	253682.03 	74233.35 	867.95 
99.03 	496.08 	4071.62 	4540.78 	18856.22 	21208.19 	180096.23 	296632.12 	204869.21 	1006.91 
99.27 	308.11 	4080.44 	1857.15 	18900.83 	14024.23 	342267.59 	72250.13 	246815.57 	1013.64 
100.40 	309.62 	14505.27 	1081.24 	195734.52 	4401.71 	2267685.01 	68630.18 	36609.66 	1099.96 
101.32 	921.78 	12082.67 	9155.44 	160061.46 	81839.77 	3492523.83 	1690197.95 	1690318.87 	1182.28 
100.05 	902.05 	7728.68 	6268.87 	98026.34 	53920.58 	1566359.29 	309394.09 	309169.66 	1086.40 
99.31 	714.21 	7278.53 	4831.86 	91729.09 	40518.43 	1912854.24 	227577.98 	414097.40 	1030.09 
98.75 	495.17 	6524.07 	4509.98 	56342.04 	21078.59 	859811.03 	385867.26 	385842.46 	936.58 
100.77 	510.20 	11991.78 	3294.99 	109904.43 	26526.35 	1772074.27 	378865.50 	144194.65 	1168.97 
99.90 	503.13 	4288.41 	1903.40 	19957.19 	8166.55 	191738.89 	40143.03 	72076.95 	1063.91 
99.56 	308.43 	3941.10 	2616.25 	60690.36 	20562.60 	641724.10 	375573.34 	197974.27 	983.40 
99.93 	700.80 	7564.04 	6689.10 	37057.67 	57944.30 	545336.12 	334236.01 	334399.95 	1066.10 
99.42 	699.97 	13099.22 	6692.34 	67098.01 	32421.45 	1362571.49 	617604.06 	617762.12 	1003.30 
100.16 	720.35 	7354.66 	4875.52 	121114.75 	22982.49 	1968628.02 	424121.44 	424091.63 	1042.49 
97.98 	503.15 	3431.26 	1864.73 	27804.51 	8017.80 	522374.14 	101999.91 	133258.43 	860.32 
100.69 	313.09 	11687.03 	1122.98 	59280.87 	4596.60 	625507.82 	55111.29 	21510.61 	1143.57 
99.87 	512.00 	4365.16 	1929.61 	20277.81 	14631.03 	282520.40 	136722.59 	136595.22 	1079.46 
99.42 	703.78 	3979.79 	6738.78 	18326.41 	58342.58 	174692.20 	1170901.18 	1170757.48 	994.27 
101.02 	317.48 	14974.88 	1927.19 	202785.05 	14652.22 	3431904.96 	259040.33 	258949.70 	1132.99 
99.26 	894.08 	4266.61 	3577.40 	19812.98 	29060.61 	360461.82 	158777.88 	547901.40 	1048.29 
100.86 	714.55 	14656.80 	6838.09 	259125.94 	33134.47 	3065672.20 	333002.64 	333047.33 	1109.19 
98.59 	508.29 	9359.97 	4641.24 	120887.72 	38723.80 	2578998.26 	749575.08 	749715.68 	943.07 
99.89 	510.79 	10925.91 	3280.36 	99353.41 	26388.53 	1589350.02 	493161.37 	493395.00 	1078.31 
99.87 	700.46 	14288.17 	4731.88 	192583.84 	39555.10 	4263626.61 	767284.78 	767175.34 	1082.62 
99.73 	517.92 	4085.76 	4740.29 	33679.51 	39700.55 	338797.87 	770013.27 	405226.89 	1017.36 
100.47 	914.36 	14992.84 	3642.51 	265443.96 	29602.86 	3145768.40 	162200.79 	426745.67 	1133.50 
99.94 	511.51 	11165.08 	3296.55 	56426.27 	26575.13 	592982.59 	379567.46 	379341.62 	1098.44 
99.60 	317.30 	10655.30 	1138.48 	139575.11 	4629.65 	2294361.97 	38591.55 	21678.84 	1054.23 
99.35 	710.56 	9831.15 	6798.94 	167002.66 	58964.47 	3656058.42 	1184533.49 	903154.67 	983.93 
100.18 	314.03 	10657.08 	2696.65 	53664.35 	21208.47 	1069222.75 	204764.59 	296756.78 	1054.46 
99.72 	508.14 	13912.87 	3281.44 	186976.29 	26417.84 	4130554.20 	143303.76 	143542.95 	1057.78 
99.64 	905.01 	4191.83 	3589.48 	65051.72 	16458.45 	691675.76 	294175.02 	86095.82 	1030.82 
100.14 	907.42 	4532.64 	3602.42 	37794.10 	29339.86 	556841.24 	291800.42 	422826.50 	1104.74 
102.24 	315.89 	13264.99 	1116.38 	232022.87 	7938.01 	5212177.17 	100972.51 	69959.56 	1282.17 
101.59 	917.21 	12383.04 	6391.53 	63255.29 	30796.85 	974799.59 	583941.72 	583734.58 	1206.08 
98.95 	311.60 	12256.47 	2651.34 	62523.15 	11747.01 	962224.80 	59586.49 	59689.04 	947.54 
102.41 	529.98 	5423.68 	3440.25 	66322.55 	15619.91 	706279.60 	81156.26 	277717.04 	1305.37 
98.03 	498.24 	11642.78 	4542.80 	153727.20 	21205.82 	2546527.33 	296733.43 	112990.96 	905.31 
101.20 	315.59 	15323.46 	1908.48 	79624.78 	8189.70 	1641164.92 	104510.76 	104408.86 	1153.55 
100.90 	715.66 	15600.72 	2800.02 	146654.43 	22209.16 	3178010.87 	408478.27 	215298.87 	1173.20 
100.47 	907.42 	14487.73 	8970.41 	74877.67 	80049.68 	805242.73 	472637.00 	1650103.60 	1098.61 
100.29 	301.16 	10744.66 	1056.02 	184076.30 	4283.36 	4061275.66 	19911.88 	50955.38 	1061.19 
100.16 	717.01 	7449.58 	4846.00 	36433.67 	22745.43 	369158.45 	221040.12 	320165.79 	1054.48 
99.54 	498.13 	4016.68 	1886.20 	32982.52 	8120.60 	480379.00 	71769.58 	71707.02 	1000.08 
99.40 	505.03 	9838.08 	4605.28 	127788.32 	21578.91 	2738343.96 	302376.53 	208781.40 	981.11 
99.78 	299.71 	9973.03 	2553.65 	129730.53 	20004.02 	2120315.72 	364272.57 	278326.38 	995.37 
100.58 	515.66 	11371.81 	1925.00 	57546.71 	14600.44 	605856.47 	75481.67 	197221.40 	1115.63 
100.68 	318.21 	4513.54 	1131.74 	21093.59 	4637.67 	385960.06 	72756.50 	55692.06 	1105.05 
98.65 	310.49 	9072.77 	1874.94 	81007.03 	8027.84 	1274049.28 	39500.04 	133572.31 	912.44 
99.34 	696.70 	10285.08 	2722.19 	51746.85 	21426.63 	1027607.86 	207259.58 	114466.29 	1021.06 
99.46 	509.68 	6853.94 	3292.44 	85861.56 	26550.47 	933539.12 	496677.64 	379135.43 	977.42 
97.75 	883.26 	9093.35 	6141.08 	117225.75 	29456.41 	1305969.39 	161371.23 	161431.61 	915.86 
102.12 	522.06 	12892.74 	3379.09 	172099.60 	27335.44 	2875346.18 	391331.05 	391364.84 	1249.09 
99.75 	315.15 	13779.77 	1923.45 	184948.49 	8250.74 	4081651.97 	40716.08 	40661.98 	1049.30 
100.23 	316.01 	10585.95 	2711.90 	138508.55 	12065.57 	2275102.83 	159871.23 	61404.37 	1046.48 
98.38 	887.18 	9352.15 	6160.95 	157899.04 	29587.34 	2620452.21 	162062.38 	294438.60 	938.24 
98.69 	501.07 	9549.40 	4590.53 	123679.23 	38236.78 	1383349.92 	563951.32 	564089.65 	959.67 
99.73 	712.97 	4405.04 	2782.06 	20503.56 	22040.23 	374154.65 	405157.43 	309469.45 	1077.98 
100.32 	916.98 	11476.51 	9092.74 	197894.74 	45244.95 	3343155.55 	256032.29 	887985.76 	1127.37 
100.36 	311.19 	4474.97 	1877.28 	37173.24 	8097.27 	377120.51 	134777.02 	103215.79 	1098.58 
99.00 	904.79 	6647.70 	3628.90 	57592.78 	16642.31 	606198.00 	86983.07 	227423.53 	953.49 
99.71 	700.50 	4060.79 	4726.72 	48122.91 	39475.14 	499050.61 	220979.04 	221148.46 	1000.09 
100.24 	921.82 	7757.17 	3674.30 	98324.66 	29939.85 	1571169.18 	566069.47 	566092.46 	1092.28 
100.70 	522.22 	11499.21 	4821.13 	198328.77 	40388.29 	4401399.30 	412805.22 	226617.68 	1127.38 
99.56 	707.55 	4006.01 	4751.76 	47307.93 	39777.25 	489816.39 	588838.13 	223119.50 	992.20 
99.89 	512.70 	4349.46 	4714.70 	36092.60 	39373.61 	365148.12 	763173.51 	220334.64 	1065.06 
99.31 	513.01 	12413.80 	1921.33 	215830.69 	8281.94 	3670341.09 	105798.05 	138180.12 	960.06 
100.33 	502.14 	13789.92 	4573.30 	128128.21 	21397.33 	2091762.37 	392228.79 	299416.61 	1050.58 
101.09 	321.02 	8574.27 	1962.12 	76193.41 	14900.51 	1564349.97 	77164.19 	201489.48 	1189.45 
100.30 	507.92 	4578.77 	3288.63 	38184.74 	14872.84 	563276.23 	76983.44 	77115.93 	1127.48 
101.07 	712.89 	14451.96 	6820.38 	194883.32 	33085.70 	4319160.87 	182805.33 	332210.11 	1097.50 
99.81 	709.41 	10317.87 	4764.64 	93143.78 	39858.54 	1944858.16 	773539.08 	590245.48 	1023.77 
99.14 	693.78 	10250.09 	4675.01 	92484.77 	39094.10 	1470924.15 	577892.59 	757531.95 	1019.99 
101.33 	927.24 	4659.01 	9188.88 	73036.02 	82211.26 	783748.91 	1294746.82 	486703.29 	1133.90 
98.82 	692.88 	9891.93 	2666.12 	168104.54 	20976.61 	1925536.64 	293039.12 	383723.31 	990.11 
98.23 	495.83 	6051.55 	4546.93 	97635.63 	21272.78 	1072535.24 	389574.32 	113430.93 	873.68 
98.97 	300.30 	4096.45 	1810.85 	33697.45 	7771.12 	338922.62 	98612.59 	98597.59 	1008.16 
100.87 	711.79 	4634.25 	6818.47 	38723.94 	33103.25 	749699.30 	631609.77 	182765.77 	1129.63 
99.65 	301.12 	12926.99 	2567.25 	119295.84 	20162.36 	2541967.98 	280718.02 	193819.24 	993.87 
99.33 	699.07 	12907.71 	4712.48 	119252.87 	22135.57 	1936004.36 	310760.63 	407084.96 	993.30 
100.35 	705.87 	7803.42 	2758.63 	38298.62 	12334.10 	740464.03 	163839.45 	214280.00 	1098.74 
99.46 	703.44 	14096.47 	6750.00 	72763.72 	32678.05 	1488055.79 	622878.86 	475566.59 	1070.70 
100.27 	314.77 	4540.17 	2698.85 	21199.78 	21241.65 	388192.12 	113421.63 	113250.10 	1106.95 
98.65 	698.75 	9121.78 	6709.76 	117623.97 	58080.95 	1310633.75 	611682.84 	888402.48 	918.66 
101.39 	932.85 	16364.10 	6515.90 	154334.84 	56376.45 	3357902.94 	860007.20 	860259.81 	1224.38 
100.05 	917.41 	10551.49 	6396.72 	180488.01 	55239.24 	3976094.94 	1103294.13 	317219.81 	1044.26 
99.04 	497.14 	6549.17 	3212.62 	106576.97 	25852.07 	2249918.30 	254196.92 	368110.20 	942.34 
99.24 	703.44 	4044.66 	2753.35 	33248.31 	21766.81 	634664.51 	399625.14 	305196.01 	1002.43 
100.39 	715.39 	14577.31 	6855.89 	257385.16 	59619.01 	3042644.59 	1198755.17 	914025.29 	1102.03 
98.92 	902.39 	12013.41 	3604.08 	208059.11 	29250.65 	4634635.49 	290567.95 	290828.71 	930.63 
100.27 	309.73 	7924.76 	1860.55 	131661.54 	14030.16 	1480450.22 	246915.43 	188611.15 	1112.17 
100.97 	314.13 	4692.68 	1106.51 	56458.78 	7894.06 	593038.28 	69576.71 	100192.93 	1149.49 
100.34 	911.94 	8064.36 	3649.76 	134131.44 	16749.22 	2197900.71 	229180.71 	229205.49 	1128.14 
100.30 	720.19 	7619.28 	2820.35 	126052.79 	22286.17 	2055014.67 	216375.23 	119234.81 	1074.76 
99.09 	304.09 	12230.12 	2570.88 	112279.92 	20179.55 	1813756.76 	194020.87 	280974.96 	945.18 
98.62 	304.91 	6508.96 	1071.19 	81050.22 	4346.82 	1672836.46 	51909.14 	36107.36 	930.45 
100.99 	506.49 	4813.66 	4654.89 	22667.62 	21830.38 	318871.92 	306138.15 	116652.72 	1174.14 
98.34 	691.72 	6230.87 	6627.43 	53628.78 	32020.82 	1068354.40 	609220.93 	609141.92 	894.52 
99.69 	706.44 	7423.28 	2743.42 	122404.63 	12270.09 	1990959.37 	162973.30 	62556.21 	1052.73 
100.87 	521.62 	14640.91 	3359.20 	258771.42 	15226.84 	3060834.73 	270104.35 	142630.10 	1109.34 
100.56 	515.59 	15044.44 	4733.23 	140903.42 	39524.61 	1592056.87 	766294.10 	766520.56 	1134.50 
100.46 	709.49 	14120.80 	2778.69 	131322.32 	21955.71 	2148341.42 	308038.24 	117520.49 	1072.03 
101.82 	308.91 	16803.93 	1857.97 	88030.84 	14023.21 	1394055.37 	188633.58 	188705.94 	1251.87 
98.91 	500.85 	7042.77 	3244.96 	115523.68 	14746.50 	1285267.15 	260806.11 	76442.66 	1000.55 
99.97 	508.56 	14377.19 	4649.77 	74256.99 	38861.27 	1159338.50 	217510.01 	217250.55 	1090.29 
99.96 	515.76 	4057.42 	1940.48 	18707.34 	8350.86 	258494.75 	41124.92 	73935.33 	1010.01 
100.31 	711.93 	10827.44 	2769.15 	141951.18 	21880.53 	1605161.52 	306825.71 	116875.36 	1069.96 
99.31 	906.83 	7281.48 	3645.53 	35546.40 	29687.27 	682865.14 	295560.74 	162645.66 	1028.49 
99.52 	316.96 	10648.96 	2704.30 	96539.99 	11998.45 	2021689.77 	159037.87 	207935.13 	1051.79 
98.43 	494.13 	9063.38 	3195.03 	45100.79 	14419.72 	675025.74 	254413.68 	134432.35 	914.67 
101.36 	713.28 	8092.47 	2794.67 	134705.22 	22074.69 	2207752.52 	117988.46 	309917.16 	1137.64 
99.17 	708.25 	12521.44 	2771.50 	115219.73 	12321.02 	1281782.85 	113302.77 	62924.75 	966.29 
100.87 	911.85 	4848.25 	9038.31 	22827.88 	80718.16 	222096.39 	1665501.75 	872901.79 	1182.05 
99.15 	308.34 	3895.10 	2616.34 	59886.26 	20529.16 	918448.36 	197604.81 	286273.75 	963.02 
99.84 	309.52 	4171.54 	1875.36 	19312.65 	14228.14 	185083.09 	132609.02 	191583.14 	1033.85 
98.58 	896.25 	6799.57 	8889.66 	58989.40 	44091.47 	903700.29 	658684.22 	453878.56 	968.32 
101.90 	720.31 	4838.35 	6901.99 	76283.12 	33539.55 	1193912.18 	185490.29 	640941.29 	1180.68 
98.87 	510.95 	6556.82 	3292.45 	106720.12 	14915.93 	1180475.61 	139603.40 	264041.99 	937.36 
99.19 	900.28 	7281.78 	6235.38 	119902.89 	29990.60 	1947438.34 	298761.08 	433123.79 	1033.00 
101.74 	927.48 	16336.08 	3693.84 	85198.63 	30113.30 	925742.96 	165073.26 	434771.88 	1219.96 
99.32 	713.74 	10008.49 	6865.76 	170260.80 	59700.76 	3733573.66 	915305.07 	344973.49 	996.34 
98.05 	303.72 	11534.95 	1819.74 	152286.53 	13768.43 	3309362.72 	241938.00 	241756.89 	897.03 
100.67 	317.44 	7742.42 	1145.70 	68056.66 	4665.89 	726364.58 	73210.90 	21824.66 	1086.66 
101.08 	920.28 	14810.73 	3707.59 	261905.95 	16973.32 	5938881.67 	232401.18 	89005.49 	1118.54 
100.00 	310.62 	11048.20 	1110.73 	145120.76 	4530.22 	2392595.31 	54248.82 	21160.40 	1088.60 
99.30 	704.24 	4170.85 	4764.39 	64600.16 	22350.39 	997109.90 	119598.49 	217054.56 	1028.30 
99.68 	302.75 	4159.21 	2558.27 	19334.19 	11304.46 	185086.88 	57173.47 	103099.31 	1025.50 
99.90 	714.22 	13360.59 	6877.42 	233910.74 	33400.40 	5257895.05 	335759.62 	638012.84 	1022.40 
98.97 	699.35 	7101.68 	2719.27 	89318.03 	12098.57 	973918.57 	209682.48 	160302.01 	1009.56 
99.89 	718.18 	7237.19 	4847.64 	119097.50 	40671.24 	1932992.97 	415846.31 	415783.78 	1026.58 
99.78 	908.77 	10965.02 	3606.59 	144025.86 	29266.03 	2373127.12 	160226.41 	552371.75 	1082.07 
98.40 	495.32 	9178.79 	3192.14 	45630.52 	14386.76 	470936.07 	253689.84 	193911.15 	924.90 
99.77 	502.40 	7385.89 	1876.63 	93136.12 	8052.43 	1944502.17 	39601.56 	71083.91 	1044.92 
99.94 	700.79 	7170.38 	4722.71 	62567.98 	22163.28 	963203.69 	214908.69 	311196.85 	1021.43 
99.97 	911.90 	4521.49 	9025.12 	21142.17 	80512.06 	204229.19 	1265919.35 	1266008.97 	1103.18 
99.84 	708.87 	7282.48 	2740.29 	63585.16 	21619.31 	979935.13 	396573.40 	115407.49 	1031.08 
100.23 	915.60 	11443.27 	6393.51 	58068.84 	30878.83 	1164933.09 	447069.78 	308272.14 	1122.96 
100.32 	309.09 	13779.53 	1851.14 	242140.48 	13980.91 	5457817.73 	72055.71 	245911.50 	1050.37 
99.78 	910.48 	13200.61 	9028.44 	230993.10 	80499.00 	3947908.99 	1660464.59 	475499.57 	1013.51 
102.50 	941.15 	9446.80 	6541.29 	84555.63 	31514.65 	1334703.52 	173609.42 	457145.40 	1304.39 
100.43 	311.86 	7502.39 	1880.03 	36695.33 	14228.84 	706742.42 	250825.01 	132609.03 	1059.29 
98.72 	305.44 	3797.01 	1077.47 	44610.35 	7659.35 	667129.18 	37478.95 	97083.10 	949.25 
101.03 	716.53 	4646.15 	4810.02 	38755.98 	22621.04 	750169.17 	121220.88 	318183.15 	1135.54 
99.49 	696.06 	12615.62 	2677.52 	116188.97 	11863.05 	2470353.66 	60287.34 	205335.15 	973.64 
99.64 	901.16 	10079.29 	6266.96 	171510.93 	30188.49 	2865103.79 	165647.67 	165543.36 	1003.61 
99.22 	509.50 	6963.08 	1908.31 	87362.74 	14470.91 	950985.50 	255444.98 	255305.88 	988.40 
97.26 	488.32 	3287.04 	3143.99 	26468.48 	25162.24 	260832.83 	357484.34 	135961.49 	830.81 
99.73 	503.60 	13611.78 	4625.23 	69950.18 	38560.97 	1086644.90 	569445.73 	746013.24 	1040.85 
100.68 	320.57 	7831.04 	1933.32 	129929.40 	8350.43 	2123505.81 	41144.95 	41169.64 	1096.83 
100.94 	521.97 	11961.68 	4788.29 	109608.51 	22515.06 	1214871.09 	218656.01 	316506.99 	1166.17 
100.33 	722.57 	10558.18 	2807.92 	95649.43 	22194.12 	2001672.66 	118747.93 	215149.97 	1048.96 
99.49 	310.93 	4065.05 	2663.23 	18840.99 	11808.23 	341121.27 	204150.41 	156157.26 	1007.56 
99.62 	304.21 	13474.90 	1833.39 	180422.28 	13824.93 	2077131.83 	185678.55 	128498.07 	1029.43 
100.19 	709.28 	10583.04 	6817.35 	95829.86 	59160.69 	1528306.23 	341616.35 	341714.36 	1047.07 
98.65 	893.78 	6688.96 	6207.59 	32422.12 	29835.64 	325203.84 	296997.17 	296988.47 	957.51 
99.23 	908.55 	10168.31 	6304.89 	91702.12 	54305.36 	1002241.85 	311685.37 	568988.38 	1011.66 
99.14 	298.74 	12514.31 	2549.73 	63914.51 	11308.30 	678588.91 	103132.97 	148934.02 	963.00 
100.94 	724.64 	4795.70 	2841.74 	57760.29 	22558.79 	883283.75 	120915.18 	219236.76 	1169.66 
101.10 	723.70 	15434.91 	4911.65 	209499.15 	41288.95 	3554259.89 	613141.37 	803835.13 	1160.45 
99.98 	712.74 	7874.10 	4828.15 	69272.81 	40419.55 	1075553.39 	226783.26 	226803.54 	1106.22 
100.76 	912.21 	11994.24 	3625.80 	207810.37 	29450.11 	2418228.24 	292754.97 	292942.54 	1170.42 
99.60 	712.48 	7577.51 	2753.09 	36998.79 	12320.60 	375114.53 	113162.92 	62908.79 	1066.40 
100.22 	914.58 	13865.56 	9048.84 	243608.72 	80730.39 	5492733.01 	477358.84 	873524.21 	1054.40 
100.68 	515.62 	8300.91 	3333.52 	40902.79 	26823.04 	607109.80 	145734.55 	264446.80 	1157.86 
98.18 	883.35 	11853.90 	3537.66 	108599.62 	28745.07 	1202508.02 	285191.58 	413530.07 	918.67 
99.50 	697.73 	9888.61 	2704.52 	88946.95 	12088.13 	969865.94 	160236.78 	61648.74 	989.86 
99.47 	511.61 	9773.75 	1931.57 	87865.24 	14704.49 	1825837.48 	259831.81 	198696.23 	979.60 
99.95 	513.43 	7618.24 	1935.57 	66921.20 	14681.67 	712900.25 	259563.03 	76059.68 	1076.38 
97.17 	877.58 	5781.68 	8645.37 	92810.87 	76742.22 	1937333.85 	1576611.10 	826775.90 	839.49 
98.71 	691.91 	10069.25 	2660.16 	90811.36 	20900.79 	1892055.06 	111322.26 	382202.44 	1004.35 
100.72 	912.66 	8342.93 	6350.13 	73940.38 	54790.29 	1514126.29 	834135.35 	1093524.68 	1165.28 
99.65 	305.77 	6925.94 	1842.15 	33525.77 	7867.17 	488909.05 	69212.88 	130554.03 	985.15 
99.80 	518.62 	4337.31 	4776.12 	67445.98 	40030.55 	1044693.46 	224551.75 	224322.26 	1066.41 
99.11 	905.15 	3853.24 	6278.68 	17687.43 	54112.87 	318425.08 	566387.11 	310487.53 	954.31 
100.02 	910.13 	10454.73 	6299.31 	52561.91 	30271.27 	1045092.91 	166186.19 	301804.18 	1038.78 
101.65 	314.24 	4850.57 	1901.16 	40695.10 	8139.35 	415936.64 	39972.69 	135570.63 	1183.11 
100.96 	308.12 	4805.22 	1077.11 	40196.09 	7646.30 	780491.96 	126568.64 	96787.15 	1175.35 
97.91 	297.28 	6010.24 	1053.70 	96950.65 	4251.32 	1063878.32 	35178.08 	35121.74 	868.64 
102.01 	316.14 	12330.80 	1906.20 	163738.99 	14473.76 	1871482.65 	135108.35 	74915.03 	1201.61 
100.22 	314.30 	4269.85 	1912.75 	66332.85 	8209.87 	706163.30 	104756.91 	72498.00 	1046.75 
100.21 	307.49 	4552.27 	1857.28 	54539.02 	7963.58 	829779.39 	132356.73 	70157.98 	1123.07 
98.39 	500.40 	3452.51 	4566.02 	15722.64 	38088.19 	279690.90 	736342.29 	561557.09 	873.53 
100.00 	506.50 	4245.49 	4617.74 	19701.54 	38470.28 	273617.78 	391564.95 	567772.82 	1043.78 
98.16 	692.04 	12107.09 	4644.35 	209931.44 	21708.80 	3562101.27 	304283.11 	398355.61 	937.74 
99.90 	717.65 	11024.94 	2769.60 	55636.66 	21904.65 	583927.93 	212142.42 	212188.56 	1088.92 
99.49 	505.61 	3926.86 	4612.90 	18086.55 	21568.36 	326275.86 	115061.06 	395687.45 	981.50 
99.43 	314.71 	12854.43 	1913.59 	65772.38 	14529.69 	1333476.73 	256453.23 	135508.40 	987.14 
100.45 	301.55 	4402.65 	1082.17 	36531.79 	4409.96 	536883.78 	68765.20 	52721.39 	1084.11 
99.68 	906.28 	13847.86 	8978.58 	128564.52 	80154.72 	1442487.37 	1259520.25 	1652752.53 	1057.12 
100.67 	519.48 	7927.88 	1960.67 	131711.30 	8464.45 	2155019.65 	41847.73 	108219.45 	1115.07 
101.08 	322.41 	11447.52 	1138.62 	57953.99 	4674.44 	886144.03 	73293.77 	73298.51 	1121.36 
100.40 	512.66 	11212.97 	3306.55 	56794.64 	26648.58 	1137332.39 	380520.97 	144688.60 	1104.21 
100.72 	924.72 	4481.07 	6445.41 	69983.89 	31052.15 	748599.37 	449758.54 	449564.54 	1097.64 
100.80 	715.24 	14556.58 	6852.04 	257193.52 	33192.00 	5823889.03 	183260.87 	483654.58 	1103.37 
99.00 	301.67 	13045.32 	1064.54 	66816.89 	7568.97 	712070.91 	125177.62 	125120.37 	1000.72 
100.53 	302.29 	11826.91 	1083.44 	156502.21 	7682.25 	1783168.46 	127201.22 	67551.38 	1157.58 
100.12 	918.90 	11374.59 	6394.92 	103717.04 	55102.85 	1665012.48 	839126.14 	577779.07 	1117.66 
101.33 	525.21 	12522.54 	3409.51 	217932.52 	15512.19 	4872395.52 	210718.98 	145579.93 	1217.87 
99.50 	500.56 	10627.59 	1863.47 	139004.57 	7972.07 	1569267.61 	132414.71 	101435.12 	1051.99 
100.28 	516.14 	13928.11 	4738.21 	71784.34 	39577.88 	1466309.28 	585676.83 	585475.69 	1059.70 
100.66 	513.83 	15168.26 	3338.50 	269025.14 	15189.05 	3190899.41 	269299.26 	269428.64 	1144.97 
99.09 	513.38 	4005.61 	3302.33 	18511.23 	14967.32 	334722.89 	265045.99 	202524.66 	998.04 
102.16 	319.94 	12492.89 	1955.28 	63817.99 	8406.66 	1290638.10 	41449.22 	107404.57 	1216.60 
99.19 	312.73 	4039.59 	1899.13 	62348.56 	14386.59 	660683.10 	134137.42 	74434.91 	1003.92 
99.15 	310.11 	12647.64 	2647.59 	116458.66 	20867.48 	1886479.43 	381644.65 	381533.28 	974.65 
99.31 	707.23 	12648.72 	4789.02 	220200.94 	22525.28 	2573733.81 	316708.51 	414962.49 	974.79 
99.26 	710.19 	7110.22 	4783.76 	116704.14 	22487.02 	1299931.15 	316201.48 	120356.95 	1012.07 
98.98 	313.08 	3998.14 	1113.76 	47230.65 	4527.26 	709551.64 	70815.64 	21156.35 	996.77 
100.53 	513.40 	4377.37 	1946.54 	52261.20 	8410.99 	545588.22 	74607.18 	107464.50 	1074.97 
101.18 	714.57 	8297.66 	2789.83 	138426.89 	12445.96 	2273679.58 	216471.80 	63468.52 	1162.49 
100.68 	307.72 	14672.76 	1088.41 	75960.68 	4397.61 	1558957.37 	20475.69 	20522.38 	1112.62 
99.55 	711.10 	13551.02 	2756.91 	237694.33 	21820.75 	4071371.62 	400547.03 	211201.77 	1035.14 
100.76 	513.07 	14805.36 	3312.20 	261952.58 	15003.73 	4520365.62 	140475.34 	265730.01 	1119.54 
100.61 	719.26 	14706.85 	6919.24 	260079.69 	33529.31 	4485674.10 	337029.61 	185435.83 	1112.18 
99.99 	503.09 	14358.77 	1867.52 	74142.36 	8051.33 	1518698.55 	39556.31 	39517.51 	1091.07 
99.36 	701.76 	13135.55 	6716.36 	229656.25 	32479.91 	2692137.42 	472239.16 	618860.03 	1006.72 
97.74 	699.49 	11675.15 	6695.12 	59180.37 	58077.25 	1189283.95 	611525.03 	888136.64 	907.61 
100.07 	517.30 	4236.71 	1964.71 	65734.41 	14958.68 	1332899.30 	139884.19 	202360.18 	1041.98 
100.18 	708.72 	11063.35 	4779.67 	190079.29 	39980.02 	2196951.43 	776186.50 	592088.72 	1087.93 
98.58 	694.94 	12908.59 	6641.69 	119120.09 	57550.19 	1328546.04 	605619.85 	605492.05 	991.48 
100.32 	507.64 	13807.89 	3256.88 	242486.93 	14715.98 	5465470.37 	260246.39 	198951.01 	1053.96 
98.12 	883.34 	3811.70 	8692.04 	17506.39 	77330.64 	166188.13 	455398.97 	833480.27 	955.19 
99.93 	900.42 	7451.64 	8883.66 	65219.22 	44018.81 	693275.15 	657294.63 	862021.80 	1052.55 
101.23 	306.20 	4737.88 	2615.10 	22230.82 	20575.23 	215561.19 	109436.52 	286970.12 	1153.69 
100.94 	315.86 	14975.21 	1126.62 	140110.75 	8013.67 	3025122.55 	101973.11 	39399.49 	1131.69 
100.85 	519.00 	14439.17 	3366.47 	254917.51 	27211.58 	3011447.35 	268827.61 	148092.29 	1092.84 
101.53 	314.63 	4794.65 	1129.40 	40223.07 	8028.70 	781133.43 	70821.93 	70796.75 	1162.83 
99.93 	716.98 	4292.43 	4812.50 	66683.10 	22671.05 	710215.37 	220342.97 	220258.74 	1055.41 
99.40 	316.07 	4148.43 	1924.09 	19283.76 	8297.25 	184762.21 	73402.67 	40959.99 	1022.28 
98.77 	311.09 	9852.69 	2656.64 	49278.46 	11848.73 	974593.17 	156693.64 	60282.11 	985.08 
99.98 	319.24 	7770.02 	1148.83 	68351.01 	4719.16 	1390563.81 	39476.51 	39460.34 	1089.54 
100.09 	713.81 	7404.74 	4806.19 	64839.75 	22633.17 	1000949.26 	318483.53 	318345.95 	1043.93 
100.04 	901.35 	4284.63 	6255.39 	66648.50 	30129.30 	709666.91 	165343.18 	569976.75 	1057.01 
99.61 	312.33 	7589.53 	1894.91 	96026.08 	14342.99 	2009812.80 	193336.55 	253021.31 	1070.77 
100.77 	316.02 	10888.02 	2708.06 	142753.07 	21362.21 	2350660.31 	391425.28 	206383.52 	1077.10 
100.46 	516.49 	7943.96 	1953.54 	132048.32 	14868.81 	1484858.28 	263238.54 	76912.56 	1111.56 
101.28 	509.15 	16213.88 	4663.64 	84716.68 	21864.99 	919876.15 	116766.12 	116847.94 	1213.38 
99.36 	505.13 	13851.59 	4637.02 	71437.48 	38720.66 	1458710.87 	394226.97 	394066.58 	1054.58 
101.05 	722.57 	14777.98 	2819.66 	261354.52 	22315.82 	3093641.61 	119606.84 	216451.53 	1119.17 
98.95 	895.71 	3911.76 	6215.39 	32018.88 	29935.17 	464823.77 	432199.31 	298200.97 	974.51 
99.55 	714.62 	13633.39 	6849.39 	239118.61 	59462.79 	5383831.66 	343562.41 	1195199.97 	1040.59 
97.80 	689.20 	6071.72 	2694.19 	52090.15 	11951.81 	789572.47 	158230.01 	158282.61 	876.38 
99.52 	314.85 	9879.23 	2699.07 	49375.68 	21287.84 	512902.23 	297883.90 	297777.41 	986.79 
98.84 	504.41 	6988.39 	4604.69 	33972.20 	38387.32 	650023.45 	566378.85 	390414.33 	998.51 
100.22 	709.41 	14926.98 	6789.94 	77256.75 	32831.65 	833048.86 	626299.94 	626283.50 	1126.69 
99.65 	903.60 	10653.84 	8932.42 	182317.71 	79596.09 	2101428.12 	860102.45 	1249912.46 	1056.85 
102.27 	519.91 	5306.38 	4787.30 	44870.92 	40153.34 	671263.82 	225285.42 	779718.41 	1278.02 
100.37 	509.42 	7542.48 	1890.95 	95444.13 	14361.37 	1521484.46 	133897.05 	253354.51 	1067.48 
101.47 	933.03 	4879.77 	9261.47 	76907.79 	46031.41 	828691.53 	260879.58 	475485.22 	1192.26 
99.74 	715.02 	4023.03 	4811.20 	33054.42 	22557.34 	630708.21 	219135.40 	120858.20 	1002.04 
100.10 	316.37 	10917.35 	1120.74 	55091.62 	4583.57 	838855.78 	38214.71 	38243.11 	1077.91 
98.92 	299.09 	3937.86 	1052.28 	60613.08 	7426.52 	930509.06 	36233.21 	93789.15 	985.65 
99.55 	907.96 	10580.07 	3641.22 	53293.46 	16696.81 	809022.89 	298872.24 	228440.71 	1047.03 
100.15 	510.97 	14824.16 	4678.39 	138527.64 	21908.90 	2987639.58 	117127.67 	117116.78 	1121.86 
100.52 	713.18 	10805.04 	6828.01 	185189.14 	59318.09 	4087525.33 	1191869.13 	908782.05 	1065.58 
99.09 	309.55 	9863.04 	2625.71 	49367.60 	11626.61 	976440.16 	200805.94 	153605.28 	985.60 
99.19 	705.66 	3858.90 	4743.96 	59276.75 	22209.21 	908486.94 	311845.40 	311819.28 	966.52 
99.59 	709.80 	12782.12 	2741.44 	170477.72 	12223.64 	1954971.97 	212112.71 	162282.42 	982.29 
100.68 	713.70 	7947.52 	2802.33 	39093.63 	22150.51 	757379.28 	310969.79 	214843.73 	1115.15 
99.56 	499.73 	13071.71 	4548.23 	228522.69 	37855.06 	5127831.08 	558004.89 	384501.57 	1002.39 
99.70 	907.35 	7528.02 	6292.51 	65979.54 	30317.58 	1020238.84 	166266.78 	573937.60 	1059.03 
99.97 	917.23 	7693.31 	3641.35 	37633.43 	16671.03 	554252.13 	227911.96 	157690.92 	1082.74 
100.35 	717.00 	4500.65 	6859.93 	53935.07 	33295.86 	1074832.74 	485247.59 	485074.66 	1103.01 
101.85 	511.56 	9124.99 	4682.99 	81447.13 	21892.67 	881614.90 	117138.37 	307112.90 	1263.21 
99.15 	496.19 	9823.51 	4529.92 	127590.12 	37784.41 	2082402.66 	211065.72 	210909.62 	982.84 
99.16 	707.79 	4125.01 	6773.58 	63877.93 	58670.53 	678146.06 	898024.35 	338562.50 	1017.50 
100.23 	910.34 	7648.24 	3644.00 	96845.50 	16698.58 	2028627.99 	298933.50 	298812.39 	1080.65 
98.51 	304.65 	6379.21 	2591.61 	103522.34 	11525.57 	1661206.80 	58533.62 	151965.96 	917.99 
101.08 	710.19 	12328.38 	6832.08 	163664.89 	59264.67 	3577237.17 	342441.19 	625269.72 	1200.92 
100.90 	513.08 	8302.49 	3297.45 	138590.59 	14963.42 	2276626.97 	140058.94 	265024.08 	1161.97 
101.87 	931.23 	15894.50 	9277.85 	82911.48 	82933.10 	1306537.69 	1714764.50 	1714871.63 	1193.08 
101.57 	929.92 	15505.73 	3715.61 	145689.90 	30337.19 	3154752.52 	166385.01 	302486.38 	1165.44 
99.11 	498.59 	13011.18 	3199.60 	66694.86 	14481.25 	1354037.05 	134989.88 	255616.60 	1000.16 
100.18 	509.62 	10530.52 	4680.47 	180025.81 	39133.74 	2072739.08 	398660.28 	398702.25 	1043.21 
101.37 	720.02 	15130.35 	4876.07 	141648.63 	22992.42 	1601416.20 	223789.08 	123282.02 	1141.39 
99.58 	910.17 	13715.70 	6330.56 	183977.66 	54497.67 	4058502.21 	312837.48 	570877.13 	1046.24 
100.45 	709.90 	4333.19 	4799.44 	20132.16 	40258.15 	366893.37 	782145.84 	781803.90 	1072.86 
99.87 	499.57 	7410.67 	1881.28 	36221.39 	8056.87 	696786.57 	134031.53 	71032.55 	1048.42 
100.61 	925.28 	4573.33 	9207.36 	21444.44 	82242.56 	393211.00 	1699202.10 	890907.42 	1117.83 
98.37 	889.03 	6141.81 	3544.59 	29424.48 	16143.39 	424190.27 	84325.85 	287892.97 	883.21 
100.58 	715.18 	11345.38 	2761.84 	103564.20 	12312.46 	2181214.01 	213977.07 	163495.52 	1113.17 
100.10 	705.04 	4351.43 	4766.87 	36089.72 	39889.51 	529810.25 	774376.96 	223779.71 	1064.57 
98.53 	307.83 	12125.76 	1844.27 	160828.20 	13948.49 	2673318.34 	187612.06 	245384.10 	936.52 
98.43 	492.59 	9258.77 	3159.47 	119586.75 	14235.36 	2548912.13 	132647.44 	73524.39 	933.64 
101.72 	930.25 	12210.49 	3692.34 	112017.02 	30118.32 	1809238.73 	569699.54 	300076.53 	1187.81 
101.03 	315.67 	15332.93 	1136.13 	143897.20 	4609.88 	2371198.77 	21580.94 	38463.19 	1156.15 
100.02 	506.34 	7513.15 	4657.20 	36690.81 	21813.26 	371725.78 	305944.39 	305958.80 	1062.72 
101.70 	725.12 	9107.26 	2820.91 	117374.98 	12582.49 	2497960.91 	115779.34 	64279.92 	1259.54 
99.63 	905.43 	7402.43 	8944.35 	64820.48 	44450.49 	1000519.84 	251289.30 	251159.74 	1043.62 
98.05 	493.21 	6469.69 	3166.93 	80529.98 	25361.91 	870823.32 	360637.06 	248821.32 	928.14 
99.06 	706.00 	9570.27 	4773.93 	124036.53 	22443.48 	2651674.54 	120117.65 	315680.29 	957.73 
100.19 	716.74 	11368.12 	4822.19 	57501.83 	22677.73 	1152594.60 	220498.30 	121660.15 	1116.42 
100.65 	724.91 	11622.02 	6996.88 	106295.60 	34026.45 	1175520.37 	496749.58 	188431.50 	1140.17 
98.94 	306.40 	12687.58 	2626.16 	221118.49 	11706.49 	4948976.71 	107028.19 	202389.65 	975.57 
100.25 	713.93 	7951.50 	4818.86 	100999.90 	22585.71 	2123339.30 	415962.85 	317756.50 	1115.84 
99.87 	317.23 	4127.33 	1928.45 	19088.75 	8303.42 	182548.21 	138507.81 	73558.53 	1015.10 
100.31 	301.88 	11473.24 	1057.59 	197844.66 	7517.82 	3341665.61 	36724.79 	95056.79 	1129.30 
99.37 	713.42 	9743.41 	2773.13 	165313.60 	21932.23 	2753842.54 	212388.71 	117197.15 	976.95 
102.13 	928.48 	17101.29 	3691.50 	234523.77 	16956.08 	4013511.83 	232230.22 	303926.54 	1273.04 
100.32 	708.88 	10917.79 	4750.46 	187412.98 	22266.13 	4140941.55 	216157.52 	119360.43 	1080.20 
98.30 	501.62 	11303.98 	4601.00 	57315.70 	21559.30 	602936.38 	115029.90 	301872.98 	880.20 
99.25 	895.17 	6929.37 	8854.48 	86901.30 	78758.59 	1374947.97 	464742.96 	1235667.51 	989.07 
100.09 	917.40 	10675.48 	3656.92 	53856.04 	29822.39 	818645.28 	430158.66 	430480.51 	1057.86 
99.58 	507.71 	4040.46 	3288.31 	47769.51 	14890.50 	718518.35 	201420.58 	201498.97 	1007.12 
99.72 	505.34 	4418.13 	1894.92 	52802.52 	14349.49 	1050356.28 	193451.86 	133689.97 	1093.15 
99.59 	306.84 	7236.76 	2621.69 	35190.95 	20566.31 	675419.14 	286793.31 	286794.56 	1024.60 
100.41 	320.34 	10927.79 	1140.45 	143511.02 	8137.62 	1623860.61 	135488.20 	103635.18 	1077.85 
98.95 	899.06 	6899.86 	6215.91 	33523.67 	53414.83 	337231.14 	306101.21 	306051.20 	983.67 
99.81 	910.51 	10864.55 	6311.44 	54884.64 	54295.91 	835427.70 	1083034.04 	311782.51 	1073.67 
102.06 	513.18 	16126.43 	1907.11 	287579.96 	8178.16 	4997356.04 	136352.22 	104270.33 	1207.23 
102.34 	938.52 	16868.39 	3781.92 	88280.34 	17318.92 	1398695.08 	164354.24 	90827.77 	1258.65 
99.70 	905.93 	10376.91 	3629.07 	177145.51 	29497.22 	2036891.21 	293353.14 	293483.16 	1030.71 
100.58 	522.32 	7880.55 	4798.31 	38761.73 	40196.47 	572337.04 	225482.96 	410655.25 	1107.30 
99.56 	503.00 	4022.05 	4606.83 	47565.94 	21580.72 	715016.40 	208891.28 	395942.71 	995.66 
100.42 	714.51 	7797.95 	4808.17 	129368.79 	40299.76 	2775085.14 	597421.66 	226286.14 	1099.12 